0 0 436
0 1 -91
0 3 -3
0 4 22
0 7 -50
0 10 60
0 12 -9
0 13 20
0 14 -18
0 15 70
0 17 10
0 18 100
0 19 -27
0 20 -4
0 21 30
0 22 47
0 23 -70
0 25 -12
0 27 -50
0 29 -40
0 30 14
0 31 12
0 32 -140
0 36 -70
0 37 70
0 38 -72
0 40 27
0 42 1
0 43 -25
0 45 -50
0 46 73
0 47 -63
0 51 -30
0 52 -1
0 54 -40
0 55 -103
0 57 106
0 61 -47
0 62 -6
0 63 -10
0 64 10
0 67 -7
0 68 60
0 70 16
0 71 129
0 72 -27
0 73 -10
0 74 -18
0 76 50
0 77 -126
0 79 73
0 80 30
0 81 16
0 82 -40
0 83 -7
0 84 -7
0 85 -28
0 88 -7
0 90 -61
0 92 80
0 93 -70
0 94 -8
0 97 -38
0 98 -30
1 0 -91
1 1 381
1 2 20
1 4 -97
1 5 16
1 6 15
1 7 4
1 9 13
1 11 3
1 12 54
1 13 -9
1 15 -21
1 18 -91
1 19 3
1 20 -100
1 21 2
1 22 -9
1 23 66
1 25 -38
1 28 -24
1 29 -80
1 31 -15
1 32 40
1 33 54
1 34 -4
1 35 -12
1 36 40
1 38 110
1 41 -29
1 42 9
1 44 94
1 45 -21
1 46 -55
1 48 -8
1 49 60
1 50 15
1 51 -29
1 52 -49
1 53 67
1 55 -27
1 56 28
1 57 -100
1 58 8
1 59 -4
1 60 44
1 62 101
1 63 -100
1 65 -21
1 70 79
1 71 -100
1 72 -32
1 73 15
1 74 84
1 75 -24
1 76 49
1 77 10
1 79 -38
1 80 18
1 81 -1
1 83 -20
1 84 -108
1 85 50
1 86 -15
1 89 46
1 90 -30
1 93 10
1 94 -18
1 97 18
1 98 50
1 99 -85
2 1 20
2 2 375
2 6 12
2 7 -8
2 8 -9
2 9 -40
2 11 -84
2 12 -18
2 15 18
2 17 -10
2 19 2
2 20 90
2 21 -30
2 23 -90
2 24 -9
2 28 -20
2 29 100
2 30 -49
2 31 -9
2 32 -44
2 33 -6
2 35 -87
2 36 -8
2 37 -15
2 38 30
2 40 45
2 41 -8
2 46 -8
2 48 -48
2 50 125
2 51 21
2 52 36
2 53 46
2 56 8
2 58 40
2 59 -68
2 60 151
2 65 -60
2 68 51
2 71 4
2 74 32
2 75 -16
2 77 -36
2 78 -21
2 80 54
2 81 20
2 82 4
2 83 -16
2 85 -28
2 88 -60
2 89 63
2 90 -31
2 92 32
2 93 65
2 94 20
2 96 -32
2 97 80
2 98 16
2 99 56
3 0 -3
3 3 457
3 5 27
3 6 -54
3 7 -20
3 8 13
3 10 40
3 12 73
3 14 18
3 17 -40
3 19 99
3 22 -9
3 23 20
3 25 24
3 27 -125
3 28 -45
3 29 40
3 30 -54
3 34 63
3 36 5
3 38 -8
3 39 9
3 40 -9
3 41 -8
3 42 -2
3 45 60
3 46 -72
3 47 -72
3 49 -47
3 50 28
3 51 147
3 54 40
3 55 -109
3 56 -88
3 58 -14
3 59 32
3 61 -10
3 62 -79
3 63 9
3 64 -90
3 66 -40
3 69 -52
3 70 80
3 71 56
3 72 1
3 74 28
3 76 43
3 78 -8
3 79 36
3 82 45
3 83 -4
3 84 -54
3 85 -9
3 86 -80
3 87 11
3 88 -72
3 89 30
3 91 -63
3 92 -32
3 94 -24
3 95 -80
3 98 -42
3 99 -108
4 0 22
4 1 -97
4 4 313
4 7 47
4 9 -100
4 11 -56
4 12 3
4 17 30
4 20 33
4 23 50
4 24 14
4 25 16
4 27 4
4 29 33
4 31 10
4 35 9
4 37 36
4 38 -5
4 39 -18
4 42 -8
4 43 -71
4 46 47
4 47 18
4 50 14
4 51 23
4 52 48
4 53 -45
4 55 24
4 56 -42
4 57 -15
4 62 56
4 64 40
4 65 70
4 68 -21
4 70 38
4 74 -21
4 75 80
4 76 5
4 79 3
4 80 14
4 81 45
4 82 -25
4 83 20
4 84 104
4 85 -50
4 86 80
4 87 7
4 88 7
4 89 30
4 90 20
4 95 13
4 96 -3
4 97 -16
4 98 -81
4 99 40
5 1 16
5 3 27
5 5 346
5 6 10
5 9 14
5 10 -20
5 13 -74
5 14 4
5 18 116
5 19 -20
5 20 -10
5 22 -6
5 23 8
5 28 -15
5 29 -10
5 30 -18
5 31 -10
5 33 -24
5 34 21
5 42 -10
5 43 -36
5 44 -42
5 45 -24
5 46 -12
5 49 -45
5 51 -3
5 52 -48
5 54 40
5 57 -90
5 59 -48
5 60 -40
5 61 -70
5 62 10
5 63 -70
5 64 -30
5 66 -16
5 70 -18
5 71 -40
5 76 -57
5 77 -8
5 79 -2
5 80 -58
5 85 -3
5 88 8
5 89 20
5 90 -20
5 91 -21
5 92 60
5 94 10
5 95 8
5 96 50
5 97 -64
5 99 -51
6 1 15
6 2 12
6 3 -54
6 5 10
6 6 456
6 8 -90
6 9 -37
6 16 45
6 17 27
6 18 90
6 19 -60
6 21 45
6 22 -129
6 23 47
6 24 -20
6 26 18
6 27 -90
6 28 51
6 29 45
6 31 -59
6 33 -36
6 34 81
6 36 -6
6 37 54
6 39 -81
6 44 -61
6 46 24
6 47 48
6 48 15
6 50 -9
6 53 -63
6 55 36
6 57 -27
6 58 -56
6 59 -54
6 60 -18
6 62 -9
6 63 -6
6 64 -21
6 65 -90
6 66 -2
6 67 -37
6 69 -63
6 72 12
6 75 72
6 77 -27
6 79 -18
6 80 66
6 81 63
6 82 -27
6 83 -12
6 85 63
6 86 -63
6 90 -18
6 92 -18
6 95 10
6 96 -9
6 97 -45
6 98 20
6 99 123
7 0 -50
7 1 4
7 2 -8
7 3 -20
7 4 47
7 7 373
7 8 50
7 9 146
7 10 70
7 11 -40
7 13 -46
7 15 -35
7 18 56
7 19 -4
7 20 -7
7 21 75
7 22 -10
7 23 35
7 24 -7
7 26 -14
7 27 -62
7 29 36
7 30 41
7 32 17
7 34 64
7 36 20
7 39 10
7 43 -54
7 45 -22
7 46 4
7 47 -9
7 49 6
7 50 19
7 51 -20
7 55 50
7 56 -24
7 57 10
7 58 35
7 61 20
7 62 60
7 64 90
7 65 70
7 68 -71
7 69 20
7 70 36
7 71 -2
7 73 50
7 74 9
7 76 -9
7 77 50
7 79 -50
7 80 2
7 81 -5
7 83 -80
7 85 14
7 86 75
7 87 7
7 89 -6
7 91 60
7 92 -49
7 93 35
7 95 8
7 97 -5
7 98 -7
7 99 70
8 2 -9
8 3 13
8 6 -90
8 7 50
8 8 305
8 9 125
8 10 -5
8 12 30
8 13 -80
8 14 48
8 15 20
8 17 -12
8 20 50
8 21 85
8 23 18
8 24 -40
8 25 50
8 26 -20
8 27 45
8 28 -21
8 31 9
8 34 -95
8 36 -30
8 37 15
8 38 1
8 40 60
8 42 -100
8 45 -15
8 48 -40
8 49 12
8 50 2
8 51 42
8 53 40
8 55 -64
8 56 60
8 58 -6
8 59 56
8 60 -10
8 61 -100
8 62 24
8 63 -20
8 66 20
8 67 -44
8 68 -13
8 69 -6
8 70 -10
8 71 60
8 74 12
8 75 -80
8 80 -40
8 84 -24
8 85 -70
8 86 40
8 87 15
8 88 -36
8 89 -27
8 91 30
8 93 -15
8 94 40
8 95 -35
8 96 -60
8 98 -18
8 99 -50
9 1 13
9 2 -40
9 4 -100
9 5 14
9 6 -37
9 7 146
9 8 125
9 9 642
9 10 80
9 11 30
9 12 30
9 16 -24
9 17 -122
9 18 60
9 19 -12
9 20 -40
9 21 213
9 22 -5
9 23 -22
9 26 -32
9 27 8
9 28 92
9 30 -64
9 31 -35
9 32 12
9 33 10
9 37 30
9 40 80
9 41 74
9 42 -24
9 44 28
9 45 -27
9 46 -4
9 48 -32
9 50 -28
9 53 -80
9 57 28
9 58 50
9 59 48
9 64 -40
9 65 -72
9 67 20
9 69 16
9 72 16
9 73 40
9 74 -80
9 75 -114
9 79 -32
9 80 -40
9 82 46
9 83 40
9 85 -84
9 86 -32
9 89 -30
9 91 38
9 92 -56
9 93 72
9 94 -50
9 95 -4
9 97 90
9 98 -108
9 99 8
10 0 60
10 3 40
10 5 -20
10 7 70
10 8 -5
10 9 80
10 10 513
10 13 -30
10 14 36
10 15 32
10 16 60
10 18 -110
10 20 12
10 21 92
10 22 54
10 24 16
10 26 -20
10 27 64
10 28 -28
10 30 -20
10 31 32
10 32 -60
10 33 -60
10 34 72
10 36 30
10 37 8
10 38 -5
10 39 -30
10 42 8
10 43 -36
10 44 136
10 45 -22
10 46 48
10 49 -18
10 50 28
10 54 -24
10 55 -48
10 57 -78
10 58 50
10 59 20
10 60 20
10 61 56
10 63 -36
10 64 -64
10 65 -18
10 69 30
10 70 50
10 71 82
10 73 -104
10 77 -24
10 79 -70
10 80 -42
10 82 -30
10 84 -60
10 85 -52
10 86 -30
10 90 -12
10 91 -4
10 92 -86
10 93 -24
10 94 54
10 96 30
10 98 -10
10 99 124
11 1 3
11 2 -84
11 4 -56
11 7 -40
11 9 30
11 11 445
11 14 -16
11 15 -7
11 16 7
11 19 -130
11 20 8
11 21 30
11 25 136
11 26 -69
11 28 30
11 29 -40
11 30 134
11 32 33
11 33 -26
11 34 -7
11 35 32
11 36 50
11 37 36
11 38 100
11 40 -50
11 41 -3
11 42 8
11 43 -3
11 45 -8
11 46 16
11 47 -72
11 48 26
11 49 -40
11 50 -56
11 53 15
11 54 22
11 59 -90
11 60 -60
11 62 -64
11 64 54
11 65 -57
11 68 18
11 71 -8
11 72 -60
11 74 -14
11 75 -17
11 78 -20
11 79 -6
11 80 -70
11 81 -50
11 83 12
11 84 48
11 85 56
11 86 -23
11 87 -8
11 88 30
11 93 54
11 94 -21
11 96 20
11 97 -50
11 98 -10
11 99 -30
12 0 -9
12 1 54
12 2 -18
12 3 73
12 4 3
12 8 30
12 9 30
12 12 345
12 17 -4
12 18 18
12 19 87
12 22 -27
12 23 53
12 24 74
12 27 -38
12 28 18
12 30 18
12 33 96
12 35 21
12 36 -8
12 37 -9
12 38 -74
12 40 -3
12 41 -27
12 42 20
12 44 -27
12 49 130
12 50 40
12 51 -18
12 53 -81
12 54 6
12 56 70
12 58 -17
12 60 45
12 62 6
12 63 -81
12 65 24
12 66 -20
12 67 6
12 70 10
12 71 20
12 72 27
12 73 20
12 74 121
12 76 81
12 77 -63
12 78 42
12 79 9
12 80 -75
12 82 61
12 84 -71
12 87 64
12 88 45
12 89 9
12 94 -16
12 95 3
12 96 -9
12 97 67
12 98 -90
13 0 20
13 1 -9
13 5 -74
13 7 -46
13 8 -80
13 10 -30
13 13 241
13 14 -80
13 15 14
13 16 -27
13 18 -81
13 19 -27
13 21 21
13 22 4
13 23 -14
13 24 6
13 25 -10
13 30 -6
13 33 -12
13 34 36
13 40 -12
13 42 20
13 43 -51
13 45 -8
13 47 27
13 49 15
13 51 -70
13 52 39
13 53 -14
13 54 -15
13 55 -6
13 56 60
13 57 45
13 61 12
13 62 27
13 63 30
13 66 -4
13 67 -22
13 68 12
13 70 -81
13 71 -100
13 73 -45
13 77 13
13 78 18
13 79 20
13 80 35
13 81 57
13 85 -27
13 88 54
13 90 25
13 92 -18
13 93 -29
13 96 75
13 97 24
13 99 -8
14 0 -18
14 3 18
14 5 4
14 8 48
14 10 36
14 11 -16
14 13 -80
14 14 301
14 15 -24
14 16 50
14 18 -8
14 19 10
14 20 17
14 25 -14
14 26 45
14 28 -82
14 29 70
14 30 -12
14 31 -18
14 32 -10
14 34 14
14 35 27
14 36 27
14 39 18
14 42 -2
14 44 40
14 45 -1
14 49 -10
14 51 54
14 54 -4
14 56 -90
14 59 -18
14 61 -48
14 62 -48
14 64 -19
14 65 -15
14 67 8
14 70 -47
14 71 108
14 75 63
14 76 18
14 77 28
14 78 -18
14 81 74
14 82 -1
14 83 24
14 84 126
14 85 -12
14 87 54
14 88 -64
14 89 -8
14 91 -14
14 92 2
14 94 54
14 96 -80
14 97 70
14 99 -10
15 0 70
15 1 -21
15 2 18
15 7 -35
15 8 20
15 10 32
15 11 -7
15 13 14
15 14 -24
15 15 231
15 16 5
15 20 56
15 21 21
15 22 14
15 23 -65
15 24 -24
15 25 46
15 26 -8
15 27 -8
15 31 -4
15 35 -42
15 36 -24
15 40 10
15 41 21
15 43 37
15 45 13
15 47 -4
15 49 16
15 50 10
15 52 8
15 55 -70
15 59 12
15 60 10
15 61 4
15 63 -16
15 64 -72
15 65 49
15 66 -30
15 68 36
15 73 -36
15 74 -70
15 75 56
15 77 -94
15 78 -24
15 79 70
15 81 -21
15 83 -96
15 86 27
15 87 -24
15 89 8
15 90 -14
15 92 -32
15 93 -17
15 94 74
15 95 -22
15 99 -35
16 6 45
16 9 -24
16 10 60
16 11 7
16 13 -27
16 14 50
16 15 5
16 16 477
16 17 42
16 18 80
16 19 18
16 20 20
16 21 27
16 22 77
16 26 -82
16 27 -10
16 28 42
16 29 40
16 31 20
16 32 -18
16 33 -4
16 34 -49
16 36 50
16 40 -70
16 41 24
16 42 36
16 44 16
16 45 -7
16 46 -4
16 47 -101
16 48 117
16 52 -33
16 57 -46
16 58 -5
16 60 -16
16 61 -6
16 62 -56
16 63 -6
16 65 -110
16 66 -52
16 67 -2
16 68 -42
16 69 -18
16 75 -63
16 76 6
16 78 -54
16 83 36
16 85 103
16 86 -45
16 88 -18
16 90 -45
16 91 54
16 93 36
16 94 90
16 95 36
16 96 -8
17 0 10
17 2 -10
17 3 -40
17 4 30
17 6 27
17 8 -12
17 9 -122
17 12 -4
17 16 42
17 17 228
17 18 -24
17 19 21
17 20 12
17 21 -12
17 23 -13
17 26 6
17 27 -50
17 28 -42
17 29 -100
17 31 18
17 32 -21
17 33 -4
17 34 27
17 37 18
17 38 -12
17 39 -20
17 40 -32
17 41 -23
17 42 52
17 48 12
17 50 7
17 53 -32
17 56 69
17 57 -49
17 58 -4
17 59 -24
17 63 -4
17 64 12
17 67 -15
17 68 24
17 69 -28
17 70 2
17 71 28
17 72 20
17 73 -16
17 75 37
17 76 20
17 78 20
17 80 44
17 82 -8
17 85 70
17 86 24
17 87 60
17 89 -45
17 90 7
17 92 84
17 93 -30
17 94 60
17 95 7
17 97 -16
17 98 40
17 99 27
18 0 100
18 1 -91
18 5 116
18 6 90
18 7 56
18 9 60
18 10 -110
18 12 18
18 13 -81
18 14 -8
18 16 80
18 17 -24
18 18 494
18 19 -53
18 21 75
18 25 -10
18 27 -24
18 29 50
18 31 40
18 32 -40
18 33 -34
18 34 -36
18 36 -16
18 37 18
18 38 -90
18 39 2
18 40 48
18 41 54
18 42 -10
18 43 63
18 44 -152
18 53 -42
18 56 -72
18 57 100
18 58 6
18 60 -60
18 61 -70
18 62 -61
18 64 39
18 65 -100
18 67 -24
18 68 -4
18 70 -61
18 71 45
18 73 59
18 77 -10
18 79 21
18 80 -30
18 81 -45
18 82 42
18 83 -16
18 89 64
18 92 48
18 94 40
18 96 -10
18 97 54
18 98 -60
18 99 -30
19 0 -27
19 1 3
19 2 2
19 3 99
19 5 -20
19 6 -60
19 7 -4
19 9 -12
19 11 -130
19 12 87
19 13 -27
19 14 10
19 16 18
19 17 21
19 18 -53
19 19 628
19 22 -81
19 24 30
19 26 56
19 28 30
19 30 -98
19 32 83
19 33 15
19 34 -12
19 35 -10
19 36 20
19 37 -32
19 38 -100
19 40 -81
19 41 26
19 42 -82
19 43 27
19 46 -56
19 47 34
19 48 -44
19 51 2
19 53 -100
19 54 -8
19 55 -60
19 56 -24
19 57 -21
19 60 80
19 62 -69
19 63 10
19 64 -48
19 65 40
19 68 90
19 69 -12
19 70 117
19 71 8
19 72 71
19 73 15
19 78 70
19 79 30
19 80 -53
19 81 -15
19 82 50
19 85 -35
19 86 16
19 88 40
19 89 -70
19 92 -60
19 93 9
19 95 3
19 98 10
19 99 -70
20 0 -4
20 1 -100
20 2 90
20 4 33
20 5 -10
20 7 -7
20 8 50
20 9 -40
20 10 12
20 11 8
20 14 17
20 15 56
20 16 20
20 17 12
20 20 336
20 23 -60
20 24 -80
20 25 6
20 29 105
20 34 -90
20 35 -21
20 36 -90
20 40 50
20 43 -4
20 44 -84
20 49 12
20 50 43
20 52 40
20 60 76
20 62 -108
20 63 60
20 64 34
20 65 -16
20 66 -15
20 68 23
20 70 -8
20 71 4
20 72 -4
20 74 7
20 75 29
20 77 -14
20 78 -4
20 79 20
20 80 -2
20 81 2
20 83 20
20 85 -4
20 86 32
20 87 -1
20 89 12
20 90 -70
20 93 24
20 94 100
20 95 -70
20 97 10
20 99 60
21 0 30
21 1 2
21 2 -30
21 6 45
21 7 75
21 8 85
21 9 213
21 10 92
21 11 30
21 13 21
21 15 21
21 16 27
21 17 -12
21 18 75
21 21 387
21 22 69
21 23 -21
21 26 -8
21 27 8
21 28 80
21 29 55
21 31 36
21 33 -106
21 34 36
21 35 -9
21 38 42
21 39 -35
21 44 -52
21 45 -39
21 47 45
21 48 -20
21 50 -32
21 52 35
21 53 1
21 55 -51
21 57 -28
21 58 4
21 59 22
21 60 -25
21 61 -12
21 62 -63
21 64 -35
21 65 -90
21 67 -94
21 68 18
21 71 25
21 74 -80
21 75 -32
21 77 -30
21 78 30
21 79 -5
21 80 -16
21 81 -7
21 82 -28
21 83 40
21 84 -70
21 85 -73
21 86 72
21 88 10
21 90 25
21 91 54
21 93 -44
21 94 -50
21 96 -9
21 99 -36
22 0 47
22 1 -9
22 3 -9
22 5 -6
22 6 -129
22 7 -10
22 9 -5
22 10 54
22 12 -27
22 13 4
22 15 14
22 16 77
22 19 -81
22 21 69
22 22 474
22 23 -26
22 27 -25
22 28 -10
22 29 -45
22 30 -12
22 31 15
22 33 -90
22 37 -51
22 38 54
22 39 -45
22 40 41
22 44 -2
22 45 -8
22 46 -10
22 48 56
22 51 -72
22 53 36
22 55 -47
22 57 -46
22 58 25
22 60 -18
22 61 -8
22 62 -18
22 63 30
22 65 -18
22 66 10
22 67 25
22 68 12
22 69 70
22 72 -117
22 77 -20
22 79 -69
22 80 -18
22 81 -6
22 82 -42
22 83 32
22 84 -90
22 86 25
22 91 -94
22 93 -32
22 97 50
23 0 -70
23 1 66
23 2 -90
23 3 20
23 4 50
23 5 8
23 6 47
23 7 35
23 8 18
23 9 -22
23 12 53
23 13 -14
23 15 -65
23 17 -13
23 20 -60
23 21 -21
23 22 -26
23 23 370
23 28 -42
23 29 50
23 31 -2
23 33 81
23 37 30
23 38 42
23 39 -17
23 40 -40
23 41 -54
23 42 -35
23 44 -11
23 45 28
23 49 90
23 50 -40
23 51 16
23 52 -32
23 53 -60
23 54 -12
23 55 70
23 56 -4
23 57 -9
23 58 12
23 60 -27
23 61 28
23 64 20
23 67 21
23 68 -74
23 70 21
23 71 -35
23 72 -10
23 74 81
23 75 25
23 76 81
23 77 70
23 78 -10
23 79 -97
23 80 24
23 81 21
23 82 -70
23 86 52
23 87 -30
23 89 -62
23 90 56
23 92 -46
23 93 19
23 94 -30
23 97 -70
24 2 -9
24 4 14
24 6 -20
24 7 -7
24 8 -40
24 10 16
24 12 74
24 13 6
24 15 -24
24 19 30
24 20 -80
24 24 347
24 27 -4
24 28 9
24 29 -7
24 30 5
24 31 -2
24 33 6
24 34 90
24 35 -3
24 36 8
24 37 -90
24 38 20
24 39 8
24 40 -6
24 42 -5
24 44 4
24 45 -4
24 47 63
24 50 -70
24 51 -21
24 53 -30
24 54 30
24 57 -70
24 59 3
24 60 16
24 62 -13
24 63 -4
24 65 12
24 66 -89
24 68 40
24 69 -3
24 70 12
24 72 -60
24 73 22
24 74 -63
24 76 6
24 77 -8
24 78 22
24 80 -30
24 81 6
24 87 70
24 88 12
24 92 -16
24 93 -16
24 94 -144
24 95 6
24 98 -100
25 0 -12
25 1 -38
25 3 24
25 4 16
25 8 50
25 11 136
25 13 -10
25 14 -14
25 15 46
25 18 -10
25 20 6
25 25 278
25 32 4
25 35 7
25 36 45
25 38 99
25 40 -15
25 41 30
25 42 -45
25 43 24
25 45 70
25 46 14
25 49 -36
25 51 30
25 52 2
25 53 35
25 54 78
25 55 -29
25 56 21
25 57 -10
25 59 -81
25 60 27
25 61 -50
25 62 30
25 64 27
25 65 70
25 66 -5
25 70 7
25 71 11
25 73 1
25 74 -100
25 75 80
25 77 1
25 78 -9
25 81 -45
25 83 30
25 84 56
25 86 50
25 94 60
25 95 -15
25 97 -4
25 99 -30
26 6 18
26 7 -14
26 8 -20
26 9 -32
26 10 -20
26 11 -69
26 14 45
26 15 -8
26 16 -82
26 17 6
26 19 56
26 21 -8
26 26 207
26 27 -20
26 28 -76
26 30 -38
26 31 -10
26 32 -11
26 33 -24
26 34 60
26 35 15
26 37 -28
26 42 6
26 45 6
26 47 64
26 48 -30
26 50 -2
26 54 -32
26 56 -50
26 58 -16
26 59 -12
26 60 70
26 61 -6
26 64 -42
26 66 80
26 67 10
26 68 60
26 69 12
26 75 70
26 78 15
26 80 8
26 84 50
26 85 14
26 86 84
26 87 -9
26 88 -12
26 90 -20
26 92 14
26 95 -48
26 96 -3
26 97 -32
26 98 2
26 99 -2
27 0 -50
27 3 -125
27 4 4
27 6 -90
27 7 -62
27 8 45
27 9 8
27 10 64
27 12 -38
27 15 -8
27 16 -10
27 17 -50
27 18 -24
27 21 8
27 22 -25
27 24 -4
27 26 -20
27 27 479
27 31 2
27 34 -172
27 35 36
27 40 40
27 44 32
27 45 -26
27 46 10
27 48 -40
27 49 7
27 50 22
27 51 -90
27 56 36
27 57 10
27 58 10
27 59 60
27 63 20
27 64 -56
27 67 -75
27 69 90
27 70 -28
27 71 -50
27 73 18
27 74 -20
27 75 -80
27 76 -163
27 79 -44
27 80 -100
27 84 52
27 85 -70
27 86 8
27 87 -25
27 88 28
27 89 -27
27 91 -48
27 92 16
27 95 40
27 96 -12
27 98 30
27 99 -90
28 1 -24
28 2 -20
28 3 -45
28 5 -15
28 6 51
28 8 -21
28 9 92
28 10 -28
28 11 30
28 12 18
28 14 -82
28 16 42
28 17 -42
28 19 30
28 21 80
28 22 -10
28 23 -42
28 24 9
28 26 -76
28 28 369
28 30 39
28 31 -135
28 33 30
28 34 -77
28 35 -27
28 37 -43
28 38 33
28 41 -24
28 44 -1
28 45 -6
28 46 8
28 49 25
28 50 -49
28 51 -16
28 53 -44
28 56 80
28 58 -48
28 64 32
28 65 12
28 67 -24
28 68 -64
28 69 -7
28 72 48
28 73 56
28 74 -64
28 75 -54
28 76 15
28 77 42
28 78 21
28 80 -30
28 81 54
28 83 32
28 84 -80
28 85 75
28 86 -54
28 88 52
28 89 63
28 91 42
28 93 35
28 94 -40
28 97 -5
28 99 25
29 0 -40
29 1 -80
29 2 100
29 3 40
29 4 33
29 5 -10
29 6 45
29 7 36
29 11 -40
29 14 70
29 16 40
29 17 -100
29 18 50
29 20 105
29 21 55
29 22 -45
29 23 50
29 24 -7
29 29 540
29 30 24
29 31 20
29 33 -20
29 34 -56
29 35 -90
29 36 -40
29 37 -5
29 39 20
29 44 -180
29 47 -9
29 48 -40
29 50 45
29 53 -10
29 56 -60
29 57 10
29 58 40
29 59 -20
29 60 60
29 62 -95
29 63 100
29 64 56
29 67 -30
29 68 -15
29 70 -80
29 71 40
29 74 9
29 75 90
29 77 40
29 78 -20
29 79 20
29 80 10
29 81 40
29 87 -55
29 89 -88
29 91 58
29 92 -80
29 93 50
29 94 -40
29 96 -5
29 97 100
29 99 60
30 0 14
30 2 -49
30 3 -54
30 5 -18
30 7 41
30 9 -64
30 10 -20
30 11 134
30 12 18
30 13 -6
30 14 -12
30 19 -98
30 22 -12
30 24 5
30 26 -38
30 28 39
30 29 24
30 30 287
30 32 31
30 33 6
30 34 -63
30 35 -3
30 36 8
30 37 44
30 38 -30
30 43 10
30 44 -15
30 46 44
30 47 -66
30 48 30
30 49 30
30 51 -15
30 53 -30
30 58 -10
30 60 -60
30 61 -2
30 62 8
30 64 117
30 65 66
30 67 -2
30 71 -10
30 73 42
30 76 25
30 77 -20
30 78 21
30 79 24
30 80 -90
30 81 -12
30 82 18
30 83 -2
30 85 68
30 86 -6
30 88 58
30 89 -18
30 90 -14
30 91 57
30 92 14
30 93 -44
30 97 -7
30 98 2
30 99 10
31 0 12
31 1 -15
31 2 -9
31 4 10
31 5 -10
31 6 -59
31 8 9
31 9 -35
31 10 32
31 14 -18
31 15 -4
31 16 20
31 17 18
31 18 40
31 21 36
31 22 15
31 23 -2
31 24 -2
31 26 -10
31 27 2
31 28 -135
31 29 20
31 31 279
31 33 -16
31 34 -9
31 35 -6
31 37 35
31 38 -84
31 40 18
31 41 -4
31 43 -20
31 44 -52
31 45 2
31 48 -42
31 49 12
31 50 70
31 52 -10
31 53 60
31 56 20
31 57 2
31 58 100
31 60 -8
31 61 2
31 62 -28
31 64 30
31 65 -40
31 66 36
31 67 16
31 68 12
31 69 -2
31 70 18
31 73 -71
31 74 -6
31 75 12
31 76 -2
31 77 -60
31 80 -30
31 81 -72
31 82 -10
31 84 -20
31 85 -100
31 86 90
31 89 -51
31 90 -4
31 91 -28
31 92 8
31 93 -27
31 96 -4
31 98 -10
32 0 -140
32 1 40
32 2 -44
32 7 17
32 9 12
32 10 -60
32 11 33
32 14 -10
32 16 -18
32 17 -21
32 18 -40
32 19 83
32 25 4
32 26 -11
32 30 31
32 32 265
32 36 12
32 38 36
32 41 14
32 42 -120
32 45 10
32 46 -78
32 47 62
32 48 6
32 53 15
32 54 56
32 57 -19
32 58 2
32 61 2
32 64 -10
32 65 30
32 68 82
32 69 8
32 70 28
32 71 -41
32 73 22
32 76 3
32 77 4
32 78 -5
32 79 -80
32 80 -6
32 82 10
32 85 -14
32 87 3
32 88 34
32 89 10
32 90 10
32 92 -80
32 94 50
32 95 -3
32 96 21
32 97 -37
32 99 -35
33 1 54
33 2 -6
33 5 -24
33 6 -36
33 9 10
33 10 -60
33 11 -26
33 12 96
33 13 -12
33 16 -4
33 17 -4
33 18 -34
33 19 15
33 21 -106
33 22 -90
33 23 81
33 24 6
33 26 -24
33 28 30
33 29 -20
33 30 6
33 31 -16
33 33 308
33 34 -28
33 35 -2
33 37 3
33 38 -80
33 39 50
33 40 8
33 41 -45
33 43 -21
33 44 5
33 45 17
33 48 20
33 49 90
33 51 -14
33 52 -24
33 53 -27
33 54 60
33 55 30
33 56 54
33 57 40
33 58 1
33 59 42
33 60 73
33 62 28
33 65 48
33 66 14
33 67 30
33 68 -24
33 72 50
33 73 4
33 74 81
33 75 -36
33 76 123
33 77 -4
33 78 14
33 79 -22
33 80 -20
33 82 47
33 84 100
33 88 24
33 89 9
33 92 24
33 93 -5
33 95 -7
33 96 4
33 97 -23
33 98 -10
34 1 -4
34 3 63
34 5 21
34 6 81
34 7 64
34 8 -95
34 10 72
34 11 -7
34 13 36
34 14 14
34 16 -49
34 17 27
34 18 -36
34 19 -12
34 20 -90
34 21 36
34 24 90
34 26 60
34 27 -172
34 28 -77
34 29 -56
34 30 -63
34 31 -9
34 33 -28
34 34 495
34 36 54
34 43 -36
34 44 35
34 45 5
34 46 -28
34 48 36
34 49 -35
34 50 -41
34 51 -7
34 56 32
34 59 -54
34 60 18
34 62 -4
34 63 26
34 64 -159
34 67 45
34 68 87
34 70 -36
34 71 -25
34 72 -15
34 73 -101
34 75 135
34 76 -21
34 80 36
34 81 20
34 85 56
34 86 64
34 88 -56
34 89 42
34 91 -8
34 92 -72
34 94 -72
34 95 63
34 99 46
35 1 -12
35 2 -87
35 4 9
35 11 32
35 12 21
35 14 27
35 15 -42
35 19 -10
35 20 -21
35 21 -9
35 24 -3
35 25 7
35 26 15
35 27 36
35 28 -27
35 29 -90
35 30 -3
35 31 -6
35 33 -2
35 35 275
35 36 15
35 37 -25
35 38 40
35 39 -40
35 40 -15
35 41 -6
35 43 -6
35 45 -14
35 48 36
35 49 -12
35 51 7
35 53 1
35 54 21
35 56 -30
35 57 -35
35 58 -36
35 59 -9
35 60 -54
35 63 -8
35 65 -18
35 66 35
35 69 -20
35 70 -63
35 74 20
35 75 4
35 77 42
35 78 -45
35 79 27
35 80 10
35 81 -33
35 84 57
35 86 -10
35 87 32
35 88 64
35 93 -101
35 94 -12
35 95 9
35 96 -27
35 99 10
36 0 -70
36 1 40
36 2 -8
36 3 5
36 6 -6
36 7 20
36 8 -30
36 10 30
36 11 50
36 12 -8
36 14 27
36 15 -24
36 16 50
36 18 -16
36 19 20
36 20 -90
36 24 8
36 25 45
36 29 -40
36 30 8
36 32 12
36 34 54
36 35 15
36 36 267
36 37 -64
36 38 30
36 39 5
36 40 -25
36 41 -40
36 42 -10
36 43 -50
36 44 80
36 47 90
36 49 -20
36 54 23
36 55 -35
36 59 -45
36 60 27
36 61 -40
36 62 40
36 63 -16
36 65 -15
36 66 40
36 67 10
36 68 30
36 70 18
36 73 8
36 76 4
36 77 18
36 78 -10
36 79 -8
36 81 -25
36 82 -2
36 83 -10
36 84 10
36 85 30
36 87 -28
36 88 10
36 90 82
36 92 -12
36 94 19
36 95 42
36 97 -4
36 99 -24
37 0 70
37 2 -15
37 4 36
37 6 54
37 8 15
37 9 30
37 10 8
37 11 36
37 12 -9
37 17 18
37 18 18
37 19 -32
37 22 -51
37 23 30
37 24 -90
37 26 -28
37 28 -43
37 29 -5
37 30 44
37 31 35
37 33 3
37 35 -25
37 36 -64
37 37 333
37 38 -63
37 39 -18
37 40 24
37 41 27
37 43 50
37 44 -6
37 47 -122
37 48 20
37 50 14
37 53 -67
37 54 -27
37 56 -42
37 57 35
37 58 3
37 60 -40
37 61 -10
37 64 24
37 66 90
37 67 8
37 68 20
37 69 -22
37 72 -4
37 73 -40
37 74 12
37 77 -12
37 80 -15
37 82 21
37 83 -10
37 85 -60
37 86 -8
37 87 -63
37 88 -15
37 89 -45
37 90 -70
37 91 -12
37 93 -25
37 94 72
37 97 -3
37 98 -30
38 0 -72
38 1 110
38 2 30
38 3 -8
38 4 -5
38 8 1
38 10 -5
38 11 100
38 12 -74
38 17 -12
38 18 -90
38 19 -100
38 21 42
38 22 54
38 23 42
38 24 20
38 25 99
38 28 33
38 30 -30
38 31 -84
38 32 36
38 33 -80
38 35 40
38 36 30
38 37 -63
38 38 485
38 39 -30
38 40 -50
38 42 -30
38 43 -30
38 49 -40
38 50 -51
38 51 90
38 52 -32
38 53 136
38 54 85
38 55 -12
38 56 -24
38 57 -111
38 59 -94
38 60 18
38 65 -40
38 66 -50
38 67 18
38 69 -6
38 70 74
38 71 -120
38 73 101
38 74 -9
38 75 18
38 76 -4
38 77 63
38 78 -90
38 80 100
38 81 -23
38 82 -99
38 83 -16
38 84 -96
38 85 130
38 87 35
38 88 -40
38 90 -30
38 91 9
38 93 -24
38 94 -40
38 97 -60
38 98 25
38 99 -32
39 3 9
39 4 -18
39 6 -81
39 7 10
39 10 -30
39 14 18
39 17 -20
39 18 2
39 21 -35
39 22 -45
39 23 -17
39 24 8
39 29 20
39 33 50
39 35 -40
39 36 5
39 37 -18
39 38 -30
39 39 294
39 40 -48
39 41 -8
39 42 -42
39 43 -9
39 44 32
39 49 -70
39 55 8
39 56 9
39 57 47
39 59 24
39 60 10
39 61 -10
39 62 -40
39 63 20
39 64 9
39 66 8
39 68 -2
39 69 -24
39 72 -4
39 74 -6
39 75 -50
39 76 60
39 78 75
39 81 -18
39 82 20
39 83 -12
39 84 76
39 87 -83
39 92 2
39 93 -28
39 94 -12
40 0 27
40 2 45
40 3 -9
40 8 60
40 9 80
40 11 -50
40 12 -3
40 13 -12
40 15 10
40 16 -70
40 17 -32
40 18 48
40 19 -81
40 20 50
40 22 41
40 23 -40
40 24 -6
40 25 -15
40 27 40
40 31 18
40 33 8
40 35 -15
40 36 -25
40 37 24
40 38 -50
40 39 -48
40 40 512
40 41 54
40 42 -30
40 44 -24
40 46 16
40 48 -81
40 49 20
40 50 25
40 51 -72
40 52 -75
40 53 -14
40 54 -35
40 55 -42
40 56 36
40 57 16
40 58 8
40 59 27
40 60 30
40 61 -51
40 62 48
40 65 80
40 66 6
40 67 8
40 68 35
40 69 9
40 72 -81
40 73 32
40 76 -45
40 78 4
40 79 -81
40 80 -40
40 81 61
40 82 56
40 85 -20
40 89 20
40 90 -35
40 91 -81
40 92 -50
40 93 -18
40 97 72
40 98 -80
40 99 24
41 1 -29
41 2 -8
41 3 -8
41 9 74
41 11 -3
41 12 -27
41 15 21
41 16 24
41 17 -23
41 18 54
41 19 26
41 23 -54
41 25 30
41 28 -24
41 31 -4
41 32 14
41 33 -45
41 35 -6
41 36 -40
41 37 27
41 39 -8
41 40 54
41 41 219
41 42 8
41 43 9
41 44 18
41 45 21
41 46 8
41 47 10
41 48 18
41 49 -60
41 50 -10
41 52 10
41 53 -43
41 55 56
41 56 -37
41 57 -14
41 58 9
41 59 6
41 60 -30
41 61 78
41 65 21
41 67 54
41 68 18
41 69 -6
41 72 -32
41 73 36
41 74 -84
41 75 26
41 76 -52
41 79 2
41 80 -45
41 82 63
41 83 32
41 84 -16
41 85 14
41 86 15
41 89 -4
41 90 -7
41 91 18
41 92 -4
41 93 12
41 94 28
41 95 2
41 97 81
41 98 -88
41 99 -15
42 0 1
42 1 9
42 3 -2
42 4 -8
42 5 -10
42 8 -100
42 9 -24
42 10 8
42 11 8
42 12 20
42 13 20
42 14 -2
42 16 36
42 17 52
42 18 -10
42 19 -82
42 23 -35
42 24 -5
42 25 -45
42 26 6
42 32 -120
42 36 -10
42 38 -30
42 39 -42
42 40 -30
42 41 8
42 42 297
42 44 -14
42 46 -7
42 47 -50
42 48 -2
42 51 -6
42 52 -1
42 53 -70
42 55 81
42 56 -40
42 57 -42
42 58 -4
42 59 -15
42 60 4
42 61 123
42 62 -35
42 66 -25
42 67 -15
42 68 -74
42 69 -1
42 70 5
42 71 29
42 76 -30
42 78 5
42 79 80
42 81 30
42 82 50
42 83 8
42 84 -5
42 85 42
42 87 -6
42 88 -8
42 89 -10
42 93 30
42 94 -50
42 95 6
42 96 -2
42 97 52
42 98 -10
42 99 -37
43 0 -25
43 4 -71
43 5 -36
43 7 -54
43 10 -36
43 11 -3
43 13 -51
43 15 37
43 18 63
43 19 27
43 20 -4
43 25 24
43 30 10
43 31 -20
43 33 -21
43 34 -36
43 35 -6
43 36 -50
43 37 50
43 38 -30
43 39 -9
43 41 9
43 43 394
43 45 12
43 46 21
43 47 -45
43 49 18
43 56 -72
43 57 44
43 59 -18
43 61 -5
43 62 9
43 63 36
43 64 -99
43 65 21
43 66 -6
43 67 -5
43 68 18
43 70 -9
43 73 45
43 75 -36
43 76 -18
43 78 -6
43 80 42
43 81 -135
43 82 50
43 83 47
43 85 -20
43 86 15
43 88 -5
43 90 -3
43 94 18
43 95 -25
43 96 -30
43 98 64
43 99 -15
44 1 94
44 5 -42
44 6 -61
44 9 28
44 10 136
44 12 -27
44 14 40
44 16 16
44 18 -152
44 20 -84
44 21 -52
44 22 -2
44 23 -11
44 24 4
44 27 32
44 28 -1
44 29 -180
44 30 -15
44 31 -52
44 33 5
44 34 35
44 36 80
44 37 -6
44 39 32
44 40 -24
44 41 18
44 42 -14
44 44 347
44 49 -30
44 56 -18
44 59 12
44 60 25
44 61 42
44 62 136
44 63 -100
44 64 -63
44 65 56
44 66 4
44 67 48
44 69 -5
44 71 44
44 74 -27
44 76 -3
44 78 4
44 79 -39
44 80 24
44 81 -24
44 85 -16
44 89 67
44 91 -5
44 93 -24
44 94 72
44 96 8
44 97 5
44 99 -42
45 0 -50
45 1 -21
45 3 60
45 5 -24
45 7 -22
45 8 -15
45 9 -27
45 10 -22
45 11 -8
45 13 -8
45 14 -1
45 15 13
45 16 -7
45 21 -39
45 22 -8
45 23 28
45 24 -4
45 25 70
45 26 6
45 27 -26
45 28 -6
45 31 2
45 32 10
45 33 17
45 34 5
45 35 -14
45 41 21
45 43 12
45 45 198
45 46 -8
45 49 -18
45 50 12
45 51 60
45 54 4
45 55 40
45 56 -24
45 59 24
45 61 16
45 63 -16
45 64 -65
45 65 49
45 66 6
45 68 -18
45 69 -60
45 71 -40
45 72 -24
45 73 18
45 74 -70
45 75 65
45 76 60
45 77 40
45 79 -40
45 81 12
45 82 1
45 86 -37
45 89 18
45 91 -18
45 92 8
45 93 28
45 94 42
45 95 -27
45 96 -24
45 99 -35
46 0 73
46 1 -55
46 2 -8
46 3 -72
46 4 47
46 5 -12
46 6 24
46 7 4
46 9 -4
46 10 48
46 11 16
46 16 -4
46 19 -56
46 22 -10
46 25 14
46 27 10
46 28 8
46 30 44
46 32 -78
46 34 -28
46 40 16
46 41 8
46 42 -7
46 43 21
46 45 -8
46 46 167
46 47 27
46 49 20
46 51 46
46 52 7
46 53 10
46 54 -32
46 55 55
46 57 1
46 62 36
46 63 -4
46 64 48
46 65 8
46 67 -10
46 71 -2
46 72 -16
46 76 12
46 79 -12
46 80 -12
46 82 -28
46 84 49
46 85 18
46 87 9
46 88 32
46 91 28
46 92 64
46 95 -12
46 97 -14
46 98 6
46 99 48
47 0 -63
47 3 -72
47 4 18
47 6 48
47 7 -9
47 11 -72
47 13 27
47 15 -4
47 16 -101
47 19 34
47 21 45
47 24 63
47 26 64
47 29 -9
47 30 -66
47 32 62
47 36 90
47 37 -122
47 41 10
47 42 -50
47 43 -45
47 46 27
47 47 473
47 48 -40
47 50 -90
47 52 63
47 54 48
47 55 -2
47 57 -75
47 60 80
47 61 9
47 62 72
47 63 -8
47 64 -48
47 65 -40
47 66 40
47 67 -27
47 68 45
47 74 -81
47 78 54
47 79 -64
47 82 -40
47 83 9
47 85 -45
47 86 48
47 87 -45
47 88 27
47 89 5
47 90 138
47 94 25
47 95 -24
47 97 48
47 98 5
47 99 56
48 1 -8
48 2 -48
48 6 15
48 8 -40
48 9 -32
48 11 26
48 16 117
48 17 12
48 19 -44
48 21 -20
48 22 56
48 26 -30
48 27 -40
48 29 -40
48 30 30
48 31 -42
48 32 6
48 33 20
48 34 36
48 35 36
48 37 20
48 40 -81
48 41 18
48 42 -2
48 47 -40
48 48 241
48 49 -18
48 50 -4
48 52 45
48 53 -1
48 54 32
48 58 -44
48 59 -16
48 60 -78
48 61 -7
48 64 30
48 65 6
48 66 -54
48 67 20
48 68 -8
48 69 5
48 72 40
48 75 32
48 76 9
48 78 -5
48 79 4
48 80 20
48 81 -8
48 83 28
48 85 28
48 86 -10
48 87 3
48 88 10
48 89 36
48 91 81
48 93 -2
48 96 5
48 97 -10
48 98 -2
48 99 29
49 1 60
49 3 -47
49 5 -45
49 7 6
49 8 12
49 10 -18
49 11 -40
49 12 130
49 13 15
49 14 -10
49 15 16
49 20 12
49 23 90
49 25 -36
49 27 7
49 28 25
49 30 30
49 31 12
49 33 90
49 34 -35
49 35 -12
49 36 -20
49 38 -40
49 39 -70
49 40 20
49 41 -60
49 43 18
49 44 -30
49 45 -18
49 46 20
49 48 -18
49 49 249
49 50 16
49 51 -25
49 54 -28
49 56 72
49 57 27
49 58 7
49 59 36
49 60 38
49 63 4
49 64 50
49 66 7
49 69 30
49 74 106
49 75 35
49 76 84
49 77 -24
49 78 -48
49 79 -30
49 80 21
49 81 20
49 84 -32
49 85 5
49 86 24
49 87 76
49 88 40
49 89 -17
49 90 6
49 91 35
49 93 32
49 95 12
49 96 -15
49 98 -24
49 99 25
50 1 15
50 2 125
50 3 28
50 4 14
50 6 -9
50 7 19
50 8 2
50 9 -28
50 10 28
50 11 -56
50 12 40
50 15 10
50 17 7
50 20 43
50 21 -32
50 23 -40
50 24 -70
50 26 -2
50 27 22
50 28 -49
50 29 45
50 31 70
50 34 -41
50 37 14
50 38 -51
50 40 25
50 41 -10
50 45 12
50 47 -90
50 48 -4
50 49 16
50 50 365
50 51 15
50 52 -4
50 53 27
50 56 10
50 57 100
50 58 -8
50 59 -54
50 60 45
50 62 56
50 65 70
50 67 -5
50 68 14
50 73 -56
50 74 106
50 75 -28
50 76 -3
50 77 -42
50 80 10
50 83 -12
50 84 -59
50 85 -47
50 86 -32
50 87 27
50 89 20
50 90 17
50 91 -31
50 92 40
50 98 6
50 99 -33
51 0 -30
51 1 -29
51 2 21
51 3 147
51 4 23
51 5 -3
51 7 -20
51 8 42
51 12 -18
51 13 -70
51 14 54
51 19 2
51 22 -72
51 23 16
51 24 -21
51 25 30
51 27 -90
51 28 -16
51 30 -15
51 33 -14
51 34 -7
51 35 7
51 38 90
51 40 -72
51 42 -6
51 45 60
51 46 46
51 49 -25
51 50 15
51 51 376
51 52 -34
51 53 115
51 54 18
51 55 18
51 56 -58
51 58 12
51 62 -26
51 64 10
51 65 -28
51 66 -30
51 67 7
51 69 -100
51 70 28
51 71 112
51 72 72
51 76 68
51 78 -49
51 79 72
51 80 70
51 83 -20
51 84 -3
51 85 51
51 86 -68
51 88 -62
51 89 30
51 90 -30
51 91 7
51 95 -70
51 96 -70
51 97 -12
51 98 50
51 99 -35
52 0 -1
52 1 -49
52 2 36
52 4 48
52 5 -48
52 13 39
52 15 8
52 16 -33
52 20 40
52 21 35
52 23 -32
52 25 2
52 31 -10
52 33 -24
52 38 -32
52 40 -75
52 41 10
52 42 -1
52 46 7
52 47 63
52 48 45
52 50 -4
52 51 -34
52 52 216
52 53 -72
52 54 -30
52 55 3
52 60 36
52 61 -5
52 65 -40
52 67 -28
52 68 28
52 69 5
52 76 13
52 77 6
52 78 42
52 83 32
52 84 79
52 85 -133
52 88 -10
52 89 16
52 90 55
52 91 45
52 92 -11
52 93 30
52 97 46
52 98 -80
52 99 64
53 1 67
53 2 46
53 4 -45
53 6 -63
53 8 40
53 9 -80
53 11 15
53 12 -81
53 13 -14
53 17 -32
53 18 -42
53 19 -100
53 21 1
53 22 36
53 23 -60
53 24 -30
53 25 35
53 28 -44
53 29 -10
53 30 -30
53 31 60
53 32 15
53 33 -27
53 35 1
53 37 -67
53 38 136
53 40 -14
53 41 -43
53 42 -70
53 46 10
53 48 -1
53 50 27
53 51 115
53 52 -72
53 53 511
53 55 -49
53 56 42
53 58 69
53 59 -2
53 60 7
53 61 -70
53 62 42
53 64 27
53 65 -22
53 66 14
53 67 -6
53 68 -40
53 72 -56
53 73 -28
53 76 -9
53 78 -70
53 80 135
53 81 -79
53 82 -49
53 83 -36
53 84 -81
53 85 90
53 86 81
53 88 -22
53 89 90
53 90 -54
53 91 -40
53 93 55
53 96 12
53 97 -93
53 98 154
53 99 -65
54 0 -40
54 3 40
54 5 40
54 10 -24
54 11 22
54 12 6
54 13 -15
54 14 -4
54 19 -8
54 23 -12
54 24 30
54 25 78
54 26 -32
54 32 56
54 33 60
54 35 21
54 36 23
54 37 -27
54 38 85
54 40 -35
54 45 4
54 46 -32
54 47 48
54 48 32
54 49 -28
54 51 18
54 52 -30
54 54 261
54 56 -15
54 58 -9
54 59 -63
54 60 21
54 64 -4
54 66 -55
54 70 -21
54 71 35
54 72 80
54 73 12
54 77 -5
54 78 -14
54 79 8
54 80 8
54 81 -35
54 82 4
54 86 -9
54 87 21
54 88 20
54 90 40
54 92 -2
54 93 -72
54 94 -24
54 95 -25
54 97 24
55 0 -103
55 1 -27
55 3 -109
55 4 24
55 6 36
55 7 50
55 8 -64
55 10 -48
55 13 -6
55 15 -70
55 19 -60
55 21 -51
55 22 -47
55 23 70
55 25 -29
55 33 30
55 36 -35
55 38 -12
55 39 8
55 40 -42
55 41 56
55 42 81
55 45 40
55 46 55
55 47 -2
55 51 18
55 52 3
55 53 -49
55 55 388
55 56 -42
55 57 -18
55 59 -24
55 60 6
55 61 180
55 62 12
55 63 -6
55 65 80
55 66 -14
55 68 -60
55 69 -36
55 70 -60
55 77 100
55 79 -118
55 81 30
55 82 -18
55 83 28
55 84 37
55 87 90
55 93 82
55 97 -6
55 99 14
56 1 28
56 2 8
56 3 -88
56 4 -42
56 7 -24
56 8 60
56 12 70
56 13 60
56 14 -90
56 17 69
56 18 -72
56 19 -24
56 23 -4
56 25 21
56 26 -50
56 27 36
56 28 80
56 29 -60
56 31 20
56 33 54
56 34 32
56 35 -30
56 37 -42
56 38 -24
56 39 9
56 40 36
56 41 -37
56 42 -40
56 43 -72
56 44 -18
56 45 -24
56 49 72
56 50 10
56 51 -58
56 53 42
56 54 -15
56 55 -42
56 56 363
56 59 -6
56 60 30
56 61 -60
56 62 28
56 66 27
56 67 -12
56 69 40
56 70 -68
56 71 -1
56 72 12
56 73 -40
56 74 40
56 75 -2
56 76 26
56 78 12
56 79 -18
56 81 40
56 82 40
56 84 -100
56 86 32
56 87 36
56 89 -6
56 90 7
56 92 52
56 94 36
56 95 31
56 97 40
56 99 24
57 0 106
57 1 -100
57 4 -15
57 5 -90
57 6 -27
57 7 10
57 9 28
57 10 -78
57 13 45
57 16 -46
57 17 -49
57 18 100
57 19 -21
57 21 -28
57 22 -46
57 23 -9
57 24 -70
57 25 -10
57 27 10
57 29 10
57 31 2
57 32 -19
57 33 40
57 35 -35
57 37 35
57 38 -111
57 39 47
57 40 16
57 41 -14
57 42 -42
57 43 44
57 46 1
57 47 -75
57 49 27
57 50 100
57 55 -18
57 57 418
57 60 8
57 63 54
57 65 -24
57 67 -10
57 69 56
57 70 -61
57 71 100
57 73 -10
57 74 87
57 75 6
57 77 -10
57 80 63
57 81 9
57 82 11
57 84 40
57 85 -49
57 87 -27
57 88 -7
57 90 16
57 92 6
57 93 16
57 95 -7
57 96 -45
57 98 -5
58 1 8
58 2 40
58 3 -14
58 6 -56
58 7 35
58 8 -6
58 9 50
58 10 50
58 12 -17
58 16 -5
58 17 -4
58 18 6
58 21 4
58 22 25
58 23 12
58 26 -16
58 27 10
58 28 -48
58 29 40
58 30 -10
58 31 100
58 32 2
58 33 1
58 35 -36
58 37 3
58 40 8
58 41 9
58 42 -4
58 48 -44
58 49 7
58 50 -8
58 51 12
58 53 69
58 54 -9
58 58 173
58 59 -8
58 60 28
58 61 4
58 63 30
58 64 24
58 66 55
58 67 38
58 68 -16
58 69 -8
58 70 21
58 73 4
58 74 -8
58 78 -10
58 80 -5
58 81 -64
58 82 7
58 84 16
58 86 91
58 87 -4
58 88 8
58 89 -30
58 92 -35
58 93 20
58 96 2
58 97 9
58 98 -3
58 99 50
59 1 -4
59 2 -68
59 3 32
59 5 -48
59 6 -54
59 8 56
59 9 48
59 10 20
59 11 -90
59 14 -18
59 15 12
59 17 -24
59 21 22
59 24 3
59 25 -81
59 26 -12
59 27 60
59 29 -20
59 33 42
59 34 -54
59 35 -9
59 36 -45
59 38 -94
59 39 24
59 40 27
59 41 6
59 42 -15
59 43 -18
59 44 12
59 45 24
59 48 -16
59 49 36
59 50 -54
59 53 -2
59 54 -63
59 55 -24
59 56 -6
59 58 -8
59 59 231
59 60 -41
59 61 24
59 62 -15
59 66 15
59 67 -30
59 69 15
59 70 40
59 75 -36
59 76 54
59 78 21
59 80 -24
59 81 23
59 83 -12
59 85 -42
59 87 -18
59 90 -42
59 92 -24
59 93 -28
59 95 -6
59 96 -16
59 99 -54
60 1 44
60 2 151
60 5 -40
60 6 -18
60 8 -10
60 10 20
60 11 -60
60 12 45
60 15 10
60 16 -16
60 18 -60
60 19 80
60 20 76
60 21 -25
60 22 -18
60 23 -27
60 24 16
60 25 27
60 26 70
60 29 60
60 30 -60
60 31 -8
60 33 73
60 34 18
60 35 -54
60 36 27
60 37 -40
60 38 18
60 39 10
60 40 30
60 41 -30
60 42 4
60 44 25
60 47 80
60 48 -78
60 49 38
60 50 45
60 52 36
60 53 7
60 54 21
60 55 6
60 56 30
60 57 8
60 58 28
60 59 -41
60 60 328
60 61 28
60 62 14
60 63 8
60 64 -60
60 65 20
60 67 12
60 68 73
60 71 16
60 72 -24
60 74 87
60 76 45
60 78 -66
60 79 -15
60 81 -1
60 82 8
60 84 20
60 86 20
60 89 41
60 90 -63
60 93 43
60 94 -16
60 95 14
60 96 2
60 99 12
61 0 -47
61 3 -10
61 5 -70
61 7 20
61 8 -100
61 10 56
61 13 12
61 14 -48
61 15 4
61 16 -6
61 18 -70
61 21 -12
61 22 -8
61 23 28
61 25 -50
61 26 -6
61 30 -2
61 31 2
61 32 2
61 36 -40
61 37 -10
61 39 -10
61 40 -51
61 41 78
61 42 123
61 43 -5
61 44 42
61 45 16
61 47 9
61 48 -7
61 52 -5
61 53 -70
61 55 180
61 56 -60
61 58 4
61 59 24
61 60 28
61 61 335
61 62 -60
61 66 -20
61 67 1
61 68 -40
61 69 -9
61 71 28
61 76 -1
61 77 40
61 78 -10
61 79 -40
61 81 12
61 83 9
61 84 -20
61 85 4
61 87 -42
61 88 9
61 90 7
61 91 -9
61 93 22
61 96 2
61 99 -19
62 0 -6
62 1 101
62 3 -79
62 4 56
62 5 10
62 6 -9
62 7 60
62 8 24
62 11 -64
62 12 6
62 13 27
62 14 -48
62 16 -56
62 18 -61
62 19 -69
62 20 -108
62 21 -63
62 22 -18
62 24 -13
62 25 30
62 29 -95
62 30 8
62 31 -28
62 33 28
62 34 -4
62 36 40
62 39 -40
62 40 48
62 42 -35
62 43 9
62 44 136
62 46 36
62 47 72
62 50 56
62 51 -26
62 53 42
62 55 12
62 56 28
62 59 -15
62 60 14
62 61 -60
62 62 412
62 63 -109
62 65 150
62 66 7
62 67 36
62 68 -24
62 69 15
62 70 9
62 71 -60
62 72 18
62 73 5
62 76 -30
62 77 -40
62 78 -5
62 79 -29
62 80 16
62 81 1
62 82 -45
62 87 8
62 88 36
62 89 40
62 93 50
62 96 67
62 99 27
63 0 -10
63 1 -100
63 3 9
63 5 -70
63 6 -6
63 8 -20
63 10 -36
63 12 -81
63 13 30
63 15 -16
63 16 -6
63 17 -4
63 19 10
63 20 60
63 22 30
63 24 -4
63 27 20
63 29 100
63 34 26
63 35 -8
63 36 -16
63 39 20
63 43 36
63 44 -100
63 45 -16
63 46 -4
63 47 -8
63 49 4
63 55 -6
63 57 54
63 58 30
63 60 8
63 62 -109
63 63 282
63 64 16
63 66 12
63 68 20
63 70 -27
63 71 -8
63 72 6
63 75 -10
63 76 -20
63 77 63
63 78 16
63 79 23
63 80 30
63 82 5
63 86 30
63 87 -16
63 89 -40
63 90 12
63 94 -32
63 95 28
63 96 -30
63 99 53
64 0 10
64 3 -90
64 4 40
64 5 -30
64 6 -21
64 7 90
64 9 -40
64 10 -64
64 11 54
64 14 -19
64 15 -72
64 17 12
64 18 39
64 19 -48
64 20 34
64 21 -35
64 23 20
64 25 27
64 26 -42
64 27 -56
64 28 32
64 29 56
64 30 117
64 31 30
64 32 -10
64 34 -159
64 37 24
64 39 9
64 43 -99
64 44 -63
64 45 -65
64 46 48
64 47 -48
64 48 30
64 49 50
64 51 10
64 53 27
64 54 -4
64 58 24
64 60 -60
64 63 16
64 64 486
64 67 12
64 68 -18
64 71 5
64 72 24
64 75 20
64 76 30
64 78 27
64 79 49
64 81 -27
64 82 -1
64 83 18
64 85 10
64 86 47
64 88 80
64 89 -30
64 91 77
64 92 8
64 99 50
65 1 -21
65 2 -60
65 4 70
65 6 -90
65 7 70
65 9 -72
65 10 -18
65 11 -57
65 12 24
65 14 -15
65 15 49
65 16 -110
65 18 -100
65 19 40
65 20 -16
65 21 -90
65 22 -18
65 24 12
65 25 70
65 28 12
65 30 66
65 31 -40
65 32 30
65 33 48
65 35 -18
65 36 -15
65 38 -40
65 40 80
65 41 21
65 43 21
65 44 56
65 45 49
65 46 8
65 47 -40
65 48 6
65 50 70
65 51 -28
65 52 -40
65 53 -22
65 55 80
65 57 -24
65 60 20
65 62 150
65 65 519
65 67 60
65 68 -30
65 74 -70
65 75 56
65 78 28
65 79 36
65 80 -20
65 82 27
65 85 -10
65 86 35
65 87 82
65 88 52
65 91 18
65 92 -40
65 93 -81
65 94 15
65 96 34
65 97 -60
65 98 -12
65 99 -77
66 3 -40
66 5 -16
66 6 -2
66 8 20
66 12 -20
66 13 -4
66 15 -30
66 16 -52
66 20 -15
66 22 10
66 24 -89
66 25 -5
66 26 80
66 31 36
66 33 14
66 35 35
66 36 40
66 37 90
66 38 -50
66 39 8
66 40 6
66 42 -25
66 43 -6
66 44 4
66 45 6
66 47 40
66 48 -54
66 49 7
66 51 -30
66 53 14
66 54 -55
66 55 -14
66 56 27
66 58 55
66 59 15
66 61 -20
66 62 7
66 63 12
66 66 345
66 69 -3
66 71 -35
66 72 -6
66 73 -40
66 76 18
66 77 30
66 78 1
66 81 -6
66 86 90
66 87 -70
66 89 -54
66 93 -46
66 94 80
66 95 -42
66 98 -10
66 99 8
67 0 -7
67 6 -37
67 8 -44
67 9 20
67 12 6
67 13 -22
67 14 8
67 16 -2
67 17 -15
67 18 -24
67 21 -94
67 22 25
67 23 21
67 26 10
67 27 -75
67 28 -24
67 29 -30
67 30 -2
67 31 16
67 33 30
67 34 45
67 36 10
67 37 8
67 38 18
67 40 8
67 41 54
67 42 -15
67 43 -5
67 44 48
67 46 -10
67 47 -27
67 48 20
67 50 -5
67 51 7
67 52 -28
67 53 -6
67 56 -12
67 57 -10
67 58 38
67 59 -30
67 60 12
67 61 1
67 62 36
67 64 12
67 65 60
67 67 165
67 70 -3
67 71 -5
67 73 24
67 75 40
67 78 -24
67 80 -10
67 81 -36
67 82 12
67 83 1
67 85 75
67 86 36
67 88 -13
67 90 -13
67 96 -4
67 97 24
67 98 -60
67 99 45
68 0 60
68 2 51
68 4 -21
68 7 -71
68 8 -13
68 11 18
68 13 12
68 15 36
68 16 -42
68 17 24
68 18 -4
68 19 90
68 20 23
68 21 18
68 22 12
68 23 -74
68 24 40
68 26 60
68 28 -64
68 29 -15
68 31 12
68 32 82
68 33 -24
68 34 87
68 36 30
68 37 20
68 39 -2
68 40 35
68 41 18
68 42 -74
68 43 18
68 45 -18
68 47 45
68 48 -8
68 50 14
68 52 28
68 53 -40
68 55 -60
68 58 -16
68 60 73
68 61 -40
68 62 -24
68 63 20
68 64 -18
68 65 -30
68 68 320
68 69 32
68 75 54
68 77 -60
68 78 40
68 79 -12
68 80 -6
68 81 -18
68 83 16
68 87 -27
68 88 -32
68 89 1
68 90 -49
68 93 -62
68 94 5
68 95 35
68 96 -8
68 98 9
69 3 -52
69 6 -63
69 7 20
69 8 -6
69 9 16
69 10 30
69 16 -18
69 17 -28
69 19 -12
69 22 70
69 24 -3
69 26 12
69 27 90
69 28 -7
69 31 -2
69 32 8
69 35 -20
69 37 -22
69 38 -6
69 39 -24
69 40 9
69 41 -6
69 42 -1
69 44 -5
69 45 -60
69 48 5
69 49 30
69 51 -100
69 52 5
69 55 -36
69 56 40
69 57 56
69 58 -8
69 59 15
69 61 -9
69 62 15
69 66 -3
69 68 32
69 69 243
69 70 60
69 76 -87
69 78 17
69 81 18
69 85 -28
69 86 80
69 87 -12
69 88 -20
69 89 -30
69 91 9
69 93 24
69 95 36
69 96 -4
69 97 35
70 0 16
70 1 79
70 3 80
70 4 38
70 5 -18
70 7 36
70 8 -10
70 10 50
70 12 10
70 13 -81
70 14 -47
70 17 2
70 18 -61
70 19 117
70 20 -8
70 23 21
70 24 12
70 25 7
70 27 -28
70 29 -80
70 31 18
70 32 28
70 34 -36
70 35 -63
70 36 18
70 38 74
70 42 5
70 43 -9
70 51 28
70 54 -21
70 55 -60
70 56 -68
70 57 -61
70 58 21
70 59 40
70 62 9
70 63 -27
70 67 -3
70 69 60
70 70 564
70 71 -97
70 73 52
70 74 -27
70 75 -18
70 77 -46
70 79 -21
70 81 20
70 82 -35
70 84 -21
70 86 21
70 88 -49
70 89 -72
70 90 -18
70 92 -54
70 94 -61
70 95 -7
70 96 21
70 97 -70
70 98 -45
71 0 129
71 1 -100
71 2 4
71 3 56
71 5 -40
71 7 -2
71 8 60
71 10 82
71 11 -8
71 12 20
71 13 -100
71 14 108
71 17 28
71 18 45
71 19 8
71 20 4
71 21 25
71 23 -35
71 25 11
71 27 -50
71 29 40
71 30 -10
71 32 -41
71 34 -25
71 38 -120
71 42 29
71 44 44
71 45 -40
71 46 -2
71 51 112
71 54 35
71 56 -1
71 57 100
71 60 16
71 61 28
71 62 -60
71 63 -8
71 64 5
71 66 -35
71 67 -5
71 70 -97
71 71 438
71 72 15
71 73 -10
71 75 36
71 76 90
71 77 6
71 79 -35
71 80 60
71 81 8
71 82 50
71 85 -7
71 88 -60
71 94 8
71 95 -35
71 96 -100
71 97 90
71 99 12
72 0 -27
72 1 -32
72 3 1
72 6 12
72 9 16
72 11 -60
72 12 27
72 17 20
72 19 71
72 20 -4
72 22 -117
72 23 -10
72 24 -60
72 28 48
72 33 50
72 34 -15
72 37 -4
72 39 -4
72 40 -81
72 41 -32
72 45 -24
72 46 -16
72 48 40
72 51 72
72 53 -56
72 54 80
72 56 12
72 60 -24
72 62 18
72 63 6
72 64 24
72 66 -6
72 71 15
72 72 326
72 74 -28
72 78 44
72 79 91
72 80 10
72 87 12
72 91 40
72 92 16
72 93 -90
72 94 12
72 95 30
72 98 60
73 0 -10
73 1 15
73 7 50
73 9 40
73 10 -104
73 12 20
73 13 -45
73 15 -36
73 17 -16
73 18 59
73 19 15
73 24 22
73 25 1
73 27 18
73 28 56
73 30 42
73 31 -71
73 32 22
73 33 4
73 34 -101
73 36 8
73 37 -40
73 38 101
73 40 32
73 41 36
73 43 45
73 45 18
73 50 -56
73 53 -28
73 54 12
73 56 -40
73 57 -10
73 58 4
73 62 5
73 66 -40
73 67 24
73 70 52
73 71 -10
73 73 239
73 76 6
73 77 49
73 80 -20
73 81 -25
73 82 28
73 85 80
73 87 28
73 91 8
73 92 72
73 94 -32
73 97 30
73 98 -40
74 0 -18
74 1 84
74 2 32
74 3 28
74 4 -21
74 7 9
74 8 12
74 9 -80
74 11 -14
74 12 121
74 15 -70
74 20 7
74 21 -80
74 23 81
74 24 -63
74 25 -100
74 27 -20
74 28 -64
74 29 9
74 31 -6
74 33 81
74 35 20
74 37 12
74 38 -9
74 39 -6
74 41 -84
74 44 -27
74 45 -70
74 47 -81
74 49 106
74 50 106
74 56 40
74 57 87
74 58 -8
74 60 87
74 65 -70
74 70 -27
74 72 -28
74 74 404
74 75 -98
74 76 81
74 78 -70
74 79 -27
74 81 -27
74 82 15
74 83 -32
74 84 -32
74 86 -50
74 87 20
74 89 9
74 90 6
74 94 -20
74 98 -9
74 99 50
75 1 -24
75 2 -16
75 4 80
75 6 72
75 8 -80
75 9 -114
75 11 -17
75 14 63
75 15 56
75 16 -63
75 17 37
75 20 29
75 21 -32
75 23 25
75 25 80
75 26 70
75 27 -80
75 28 -54
75 29 90
75 31 12
75 33 -36
75 34 135
75 35 4
75 38 18
75 39 -50
75 41 26
75 43 -36
75 45 65
75 48 32
75 49 35
75 50 -28
75 56 -2
75 57 6
75 59 -36
75 63 -10
75 64 20
75 65 56
75 67 40
75 68 54
75 70 -18
75 71 36
75 74 -98
75 75 380
75 77 36
75 78 -40
75 80 32
75 81 72
75 82 -30
75 85 56
75 86 80
75 87 40
75 89 15
75 90 -26
75 92 -8
75 94 66
75 97 90
75 98 -30
75 99 32
76 0 50
76 1 49
76 3 43
76 4 5
76 5 -57
76 7 -9
76 12 81
76 14 18
76 16 6
76 17 20
76 23 81
76 24 6
76 27 -163
76 28 15
76 30 25
76 31 -2
76 32 3
76 33 123
76 34 -21
76 36 4
76 38 -4
76 39 60
76 40 -45
76 41 -52
76 42 -30
76 43 -18
76 44 -3
76 45 60
76 46 12
76 48 9
76 49 84
76 50 -3
76 51 68
76 52 13
76 53 -9
76 56 26
76 59 54
76 60 45
76 61 -1
76 62 -30
76 63 -20
76 64 30
76 66 18
76 69 -87
76 71 90
76 73 6
76 74 81
76 76 330
76 78 -6
76 79 -27
76 80 60
76 81 4
76 83 4
76 84 41
76 85 -7
76 86 -56
76 87 12
76 88 24
76 89 30
76 90 6
76 91 30
76 93 -30
76 95 -34
76 97 -1
76 98 -10
76 99 23
77 0 -126
77 1 10
77 2 -36
77 5 -8
77 6 -27
77 7 50
77 10 -24
77 12 -63
77 13 13
77 14 28
77 15 -94
77 18 -10
77 20 -14
77 21 -30
77 22 -20
77 23 70
77 24 -8
77 25 1
77 28 42
77 29 40
77 30 -20
77 31 -60
77 32 4
77 33 -4
77 35 42
77 36 18
77 37 -12
77 38 63
77 45 40
77 49 -24
77 50 -42
77 52 6
77 54 -5
77 55 100
77 57 -10
77 61 40
77 62 -40
77 63 63
77 66 30
77 68 -60
77 70 -46
77 71 6
77 73 49
77 75 36
77 77 420
77 79 -100
77 81 98
77 82 -9
77 85 60
77 88 -4
77 90 54
77 91 6
77 92 -6
77 93 -28
77 94 8
77 97 48
78 2 -21
78 3 -8
78 11 -20
78 12 42
78 13 18
78 14 -18
78 15 -24
78 16 -54
78 17 20
78 19 70
78 20 -4
78 21 30
78 23 -10
78 24 22
78 25 -9
78 26 15
78 28 21
78 29 -20
78 30 21
78 32 -5
78 33 14
78 35 -45
78 36 -10
78 38 -90
78 39 75
78 40 4
78 42 5
78 43 -6
78 44 4
78 47 54
78 48 -5
78 49 -48
78 51 -49
78 52 42
78 53 -70
78 54 -14
78 56 12
78 58 -10
78 59 21
78 60 -66
78 61 -10
78 62 -5
78 63 16
78 64 27
78 65 28
78 66 1
78 67 -24
78 68 40
78 69 17
78 72 44
78 74 -70
78 75 -40
78 76 -6
78 78 301
78 80 -70
78 81 -26
78 83 30
78 84 -24
78 85 -54
78 87 -76
78 88 20
78 90 30
78 92 16
78 93 -6
78 94 12
78 96 -5
79 0 73
79 1 -38
79 3 36
79 4 3
79 5 -2
79 6 -18
79 7 -50
79 9 -32
79 10 -70
79 11 -6
79 12 9
79 13 20
79 15 70
79 18 21
79 19 30
79 20 20
79 21 -5
79 22 -69
79 23 -97
79 27 -44
79 29 20
79 30 24
79 32 -80
79 33 -22
79 35 27
79 36 -8
79 40 -81
79 41 2
79 42 80
79 44 -39
79 45 -40
79 46 -12
79 47 -64
79 48 4
79 49 -30
79 51 72
79 54 8
79 55 -118
79 56 -18
79 60 -15
79 61 -40
79 62 -29
79 63 23
79 64 49
79 65 36
79 68 -12
79 70 -21
79 71 -35
79 72 91
79 74 -27
79 76 -27
79 77 -100
79 79 342
79 80 1
79 81 -30
79 82 27
79 84 9
79 88 21
79 89 -19
79 91 8
79 93 -115
79 94 -40
79 95 3
79 96 -9
79 98 -8
79 99 -9
80 0 30
80 1 18
80 2 54
80 4 14
80 5 -58
80 6 66
80 7 2
80 8 -40
80 9 -40
80 10 -42
80 11 -70
80 12 -75
80 13 35
80 17 44
80 18 -30
80 19 -53
80 20 -2
80 21 -16
80 22 -18
80 23 24
80 24 -30
80 26 8
80 27 -100
80 28 -30
80 29 10
80 30 -90
80 31 -30
80 32 -6
80 33 -20
80 34 36
80 35 10
80 37 -15
80 38 100
80 40 -40
80 41 -45
80 43 42
80 44 24
80 46 -12
80 48 20
80 49 21
80 50 10
80 51 70
80 53 135
80 54 8
80 57 63
80 58 -5
80 59 -24
80 62 16
80 63 30
80 65 -20
80 67 -10
80 68 -6
80 71 60
80 72 10
80 73 -20
80 75 32
80 76 60
80 78 -70
80 79 1
80 80 303
80 82 -35
80 85 -14
80 87 2
80 88 -40
80 90 14
80 93 -9
80 96 -35
80 97 -45
80 98 50
80 99 36
81 0 16
81 1 -1
81 2 20
81 4 45
81 6 63
81 7 -5
81 11 -50
81 13 57
81 14 74
81 15 -21
81 18 -45
81 19 -15
81 20 2
81 21 -7
81 22 -6
81 23 21
81 24 6
81 25 -45
81 28 54
81 29 40
81 30 -12
81 31 -72
81 34 20
81 35 -33
81 36 -25
81 38 -23
81 39 -18
81 40 61
81 42 30
81 43 -135
81 44 -24
81 45 12
81 48 -8
81 49 20
81 53 -79
81 54 -35
81 55 30
81 56 40
81 57 9
81 58 -64
81 59 23
81 60 -1
81 61 12
81 62 1
81 64 -27
81 66 -6
81 67 -36
81 68 -18
81 69 18
81 70 20
81 71 8
81 73 -25
81 74 -27
81 75 72
81 76 4
81 77 98
81 78 -26
81 79 -30
81 81 401
81 82 -45
81 84 80
81 86 -81
81 87 30
81 90 -18
81 93 37
81 94 4
81 97 20
81 98 -45
82 0 -40
82 2 4
82 3 45
82 4 -25
82 6 -27
82 9 46
82 10 -30
82 12 61
82 14 -1
82 17 -8
82 18 42
82 19 50
82 21 -28
82 22 -42
82 23 -70
82 30 18
82 31 -10
82 32 10
82 33 47
82 36 -2
82 37 21
82 38 -99
82 39 20
82 40 56
82 41 63
82 42 50
82 43 50
82 45 1
82 46 -28
82 47 -40
82 53 -49
82 54 4
82 55 -18
82 56 40
82 57 11
82 58 7
82 60 8
82 62 -45
82 63 5
82 64 -1
82 65 27
82 67 12
82 70 -35
82 71 50
82 73 28
82 74 15
82 75 -30
82 77 -9
82 79 27
82 80 -35
82 81 -45
82 82 226
82 84 40
82 90 4
82 91 6
82 92 -8
82 93 -11
82 97 163
82 98 -45
82 99 -35
83 0 -7
83 1 -20
83 2 -16
83 3 -4
83 4 20
83 6 -12
83 7 -80
83 9 40
83 11 12
83 14 24
83 15 -96
83 16 36
83 18 -16
83 20 20
83 21 40
83 22 32
83 25 30
83 28 32
83 30 -2
83 36 -10
83 37 -10
83 38 -16
83 39 -12
83 41 32
83 42 8
83 43 47
83 47 9
83 48 28
83 50 -12
83 51 -20
83 52 32
83 53 -36
83 55 28
83 59 -12
83 61 9
83 64 18
83 67 1
83 68 16
83 74 -32
83 76 4
83 78 30
83 83 245
83 84 28
83 85 -36
83 87 24
83 88 1
83 90 31
83 94 -20
83 98 -40
83 99 32
84 0 -7
84 1 -108
84 3 -54
84 4 104
84 8 -24
84 10 -60
84 11 48
84 12 -71
84 14 126
84 21 -70
84 22 -90
84 25 56
84 26 50
84 27 52
84 28 -80
84 31 -20
84 33 100
84 35 57
84 36 10
84 38 -96
84 39 76
84 41 -16
84 42 -5
84 46 49
84 49 -32
84 50 -59
84 51 -3
84 52 79
84 53 -81
84 55 37
84 56 -100
84 57 40
84 58 16
84 60 20
84 61 -20
84 70 -21
84 74 -32
84 76 41
84 78 -24
84 79 9
84 81 80
84 82 40
84 83 28
84 84 507
84 85 -90
84 87 -16
84 88 21
84 90 54
84 93 40
84 95 3
84 96 -9
84 97 -14
84 98 -42
84 99 72
85 0 -28
85 1 50
85 2 -28
85 3 -9
85 4 -50
85 5 -3
85 6 63
85 7 14
85 8 -70
85 9 -84
85 10 -52
85 11 56
85 13 -27
85 14 -12
85 16 103
85 17 70
85 19 -35
85 20 -4
85 21 -73
85 26 14
85 27 -70
85 28 75
85 30 68
85 31 -100
85 32 -14
85 34 56
85 36 30
85 37 -60
85 38 130
85 40 -20
85 41 14
85 42 42
85 43 -20
85 44 -16
85 46 18
85 47 -45
85 48 28
85 49 5
85 50 -47
85 51 51
85 52 -133
85 53 90
85 57 -49
85 59 -42
85 61 4
85 64 10
85 65 -10
85 67 75
85 69 -28
85 71 -7
85 73 80
85 75 56
85 76 -7
85 77 60
85 78 -54
85 80 -14
85 83 -36
85 84 -90
85 85 453
85 88 -6
85 90 -77
85 91 17
85 92 10
85 94 -18
85 95 7
85 98 100
85 99 -12
86 1 -15
86 3 -80
86 4 80
86 6 -63
86 7 75
86 8 40
86 9 -32
86 10 -30
86 11 -23
86 15 27
86 16 -45
86 17 24
86 19 16
86 20 32
86 21 72
86 22 25
86 23 52
86 25 50
86 26 84
86 27 8
86 28 -54
86 30 -6
86 31 90
86 34 64
86 35 -10
86 37 -8
86 41 15
86 43 15
86 45 -37
86 47 48
86 48 -10
86 49 24
86 50 -32
86 51 -68
86 53 81
86 54 -9
86 56 32
86 58 91
86 60 20
86 63 30
86 64 47
86 65 35
86 66 90
86 67 36
86 69 80
86 70 21
86 74 -50
86 75 80
86 76 -56
86 81 -81
86 86 409
86 91 48
86 92 21
86 94 30
86 95 -16
86 98 3
86 99 -55
87 3 11
87 4 7
87 7 7
87 8 15
87 11 -8
87 12 64
87 14 54
87 15 -24
87 17 60
87 20 -1
87 23 -30
87 24 70
87 26 -9
87 27 -25
87 29 -55
87 32 3
87 35 32
87 36 -28
87 37 -63
87 38 35
87 39 -83
87 42 -6
87 46 9
87 47 -45
87 48 3
87 49 76
87 50 27
87 54 21
87 55 90
87 56 36
87 57 -27
87 58 -4
87 59 -18
87 61 -42
87 62 8
87 63 -16
87 65 82
87 66 -70
87 68 -27
87 69 -12
87 72 12
87 73 28
87 74 20
87 75 40
87 76 12
87 78 -76
87 80 2
87 81 30
87 83 24
87 84 -16
87 87 310
87 88 12
87 92 48
87 94 -20
87 96 3
87 98 -30
88 0 -7
88 2 -60
88 3 -72
88 4 7
88 5 8
88 8 -36
88 11 30
88 12 45
88 13 54
88 14 -64
88 16 -18
88 19 40
88 21 10
88 24 12
88 26 -12
88 27 28
88 28 52
88 30 58
88 32 34
88 33 24
88 34 -56
88 35 64
88 36 10
88 37 -15
88 38 -40
88 42 -8
88 43 -5
88 46 32
88 47 27
88 48 10
88 49 40
88 51 -62
88 52 -10
88 53 -22
88 54 20
88 57 -7
88 58 8
88 61 9
88 62 36
88 64 80
88 65 52
88 67 -13
88 68 -32
88 69 -20
88 70 -49
88 71 -60
88 76 24
88 77 -4
88 78 20
88 79 21
88 80 -40
88 83 1
88 84 21
88 85 -6
88 87 12
88 88 239
88 90 17
88 91 56
88 92 24
88 95 7
88 96 67
88 97 -92
88 98 -12
88 99 -2
89 1 46
89 2 63
89 3 30
89 4 30
89 5 20
89 7 -6
89 8 -27
89 9 -30
89 12 9
89 14 -8
89 15 8
89 17 -45
89 18 64
89 19 -70
89 20 12
89 23 -62
89 27 -27
89 28 63
89 29 -88
89 30 -18
89 31 -51
89 32 10
89 33 9
89 34 42
89 37 -45
89 40 20
89 41 -4
89 42 -10
89 44 67
89 45 18
89 47 5
89 48 36
89 49 -17
89 50 20
89 51 30
89 52 16
89 53 90
89 56 -6
89 58 -30
89 60 41
89 62 40
89 63 -40
89 64 -30
89 66 -54
89 68 1
89 69 -30
89 70 -72
89 74 9
89 75 15
89 76 30
89 79 -19
89 89 269
89 90 -28
89 91 -6
89 92 48
89 93 45
89 94 45
89 95 -12
89 98 1
89 99 -24
90 0 -61
90 1 -30
90 2 -31
90 4 20
90 5 -20
90 6 -18
90 10 -12
90 13 25
90 15 -14
90 16 -45
90 17 7
90 20 -70
90 21 25
90 23 56
90 26 -20
90 30 -14
90 31 -4
90 32 10
90 36 82
90 37 -70
90 38 -30
90 40 -35
90 41 -7
90 43 -3
90 47 138
90 49 6
90 50 17
90 51 -30
90 52 55
90 53 -54
90 54 40
90 56 7
90 57 16
90 59 -42
90 60 -63
90 61 7
90 63 12
90 67 -13
90 68 -49
90 70 -18
90 74 6
90 75 -26
90 76 6
90 77 54
90 78 30
90 80 14
90 81 -18
90 82 4
90 83 31
90 84 54
90 85 -77
90 88 17
90 89 -28
90 90 277
90 92 28
90 96 -10
90 97 40
90 98 -50
90 99 48
91 3 -63
91 5 -21
91 7 60
91 8 30
91 9 38
91 10 -4
91 14 -14
91 16 54
91 21 54
91 22 -94
91 27 -48
91 28 42
91 29 58
91 30 57
91 31 -28
91 34 -8
91 37 -12
91 38 9
91 40 -81
91 41 18
91 44 -5
91 45 -18
91 46 28
91 48 81
91 49 35
91 50 -31
91 51 7
91 52 45
91 53 -40
91 61 -9
91 64 77
91 65 18
91 69 9
91 72 40
91 73 8
91 76 30
91 77 6
91 79 8
91 82 6
91 85 17
91 86 48
91 88 56
91 89 -6
91 91 272
91 93 36
91 99 35
92 0 80
92 2 32
92 3 -32
92 5 60
92 6 -18
92 7 -49
92 9 -56
92 10 -86
92 13 -18
92 14 2
92 15 -32
92 17 84
92 18 48
92 19 -60
92 23 -46
92 24 -16
92 26 14
92 27 16
92 29 -80
92 30 14
92 31 8
92 32 -80
92 33 24
92 34 -72
92 36 -12
92 39 2
92 40 -50
92 41 -4
92 45 8
92 46 64
92 50 40
92 52 -11
92 54 -2
92 56 52
92 57 6
92 58 -35
92 59 -24
92 64 8
92 65 -40
92 70 -54
92 72 16
92 73 72
92 75 -8
92 77 -6
92 78 16
92 82 -8
92 85 10
92 86 21
92 87 48
92 88 24
92 89 48
92 90 28
92 92 358
92 94 78
92 97 -48
92 98 7
92 99 -70
93 0 -70
93 1 10
93 2 65
93 7 35
93 8 -15
93 9 72
93 10 -24
93 11 54
93 13 -29
93 15 -17
93 16 36
93 17 -30
93 19 9
93 20 24
93 21 -44
93 22 -32
93 23 19
93 24 -16
93 28 35
93 29 50
93 30 -44
93 31 -27
93 33 -5
93 35 -101
93 37 -25
93 38 -24
93 39 -28
93 40 -18
93 41 12
93 42 30
93 44 -24
93 45 28
93 48 -2
93 49 32
93 52 30
93 53 55
93 54 -72
93 55 82
93 57 16
93 58 20
93 59 -28
93 60 43
93 61 22
93 62 50
93 65 -81
93 66 -46
93 68 -62
93 69 24
93 72 -90
93 76 -30
93 77 -28
93 78 -6
93 79 -115
93 80 -9
93 81 37
93 82 -11
93 84 40
93 89 45
93 91 36
93 93 438
94 0 -8
94 1 -18
94 2 20
94 3 -24
94 5 10
94 8 40
94 9 -50
94 10 54
94 11 -21
94 12 -16
94 14 54
94 15 74
94 16 90
94 17 60
94 18 40
94 20 100
94 21 -50
94 23 -30
94 24 -144
94 25 60
94 28 -40
94 29 -40
94 32 50
94 34 -72
94 35 -12
94 36 19
94 37 72
94 38 -40
94 39 -12
94 41 28
94 42 -50
94 43 18
94 44 72
94 45 42
94 47 25
94 54 -24
94 56 36
94 60 -16
94 63 -32
94 65 15
94 66 80
94 68 5
94 70 -61
94 71 8
94 72 12
94 73 -32
94 74 -20
94 75 66
94 77 8
94 78 12
94 79 -40
94 81 4
94 83 -20
94 85 -18
94 86 30
94 87 -20
94 89 45
94 92 78
94 94 360
94 95 -56
94 97 20
94 98 5
94 99 -30
95 3 -80
95 4 13
95 5 8
95 6 10
95 7 8
95 8 -35
95 9 -4
95 12 3
95 15 -22
95 16 36
95 17 7
95 19 3
95 20 -70
95 24 6
95 25 -15
95 26 -48
95 27 40
95 32 -3
95 33 -7
95 34 63
95 35 9
95 36 42
95 41 2
95 42 6
95 43 -25
95 45 -27
95 46 -12
95 47 -24
95 49 12
95 51 -70
95 54 -25
95 56 31
95 57 -7
95 59 -6
95 60 14
95 63 28
95 66 -42
95 68 35
95 69 36
95 70 -7
95 71 -35
95 72 30
95 76 -34
95 79 3
95 84 3
95 85 7
95 86 -16
95 88 7
95 89 -12
95 94 -56
95 95 170
95 96 -3
95 98 42
96 2 -32
96 4 -3
96 5 50
96 6 -9
96 8 -60
96 10 30
96 11 20
96 12 -9
96 13 75
96 14 -80
96 16 -8
96 18 -10
96 21 -9
96 26 -3
96 27 -12
96 29 -5
96 31 -4
96 32 21
96 33 4
96 35 -27
96 42 -2
96 43 -30
96 44 8
96 45 -24
96 48 5
96 49 -15
96 51 -70
96 53 12
96 57 -45
96 58 2
96 59 -16
96 60 2
96 61 2
96 62 67
96 63 -30
96 65 34
96 67 -4
96 68 -8
96 69 -4
96 70 21
96 71 -100
96 78 -5
96 79 -9
96 80 -35
96 84 -9
96 87 3
96 88 67
96 90 -10
96 95 -3
96 96 216
96 97 -40
96 98 -8
96 99 -28
97 0 -38
97 1 18
97 2 80
97 4 -16
97 5 -64
97 6 -45
97 7 -5
97 9 90
97 11 -50
97 12 67
97 13 24
97 14 70
97 17 -16
97 18 54
97 20 10
97 22 50
97 23 -70
97 25 -4
97 26 -32
97 28 -5
97 29 100
97 30 -7
97 32 -37
97 33 -23
97 36 -4
97 37 -3
97 38 -60
97 40 72
97 41 81
97 42 52
97 44 5
97 46 -14
97 47 48
97 48 -10
97 51 -12
97 52 46
97 53 -93
97 54 24
97 55 -6
97 56 40
97 58 9
97 65 -60
97 67 24
97 69 35
97 70 -70
97 71 90
97 73 30
97 75 90
97 76 -1
97 77 48
97 80 -45
97 81 20
97 82 163
97 84 -14
97 88 -92
97 90 40
97 92 -48
97 94 20
97 96 -40
97 97 539
97 98 -70
97 99 70
98 0 -30
98 1 50
98 2 16
98 3 -42
98 4 -81
98 6 20
98 7 -7
98 8 -18
98 9 -108
98 10 -10
98 11 -10
98 12 -90
98 17 40
98 18 -60
98 19 10
98 24 -100
98 26 2
98 27 30
98 30 2
98 31 -10
98 33 -10
98 37 -30
98 38 25
98 40 -80
98 41 -88
98 42 -10
98 43 64
98 46 6
98 47 5
98 48 -2
98 49 -24
98 50 6
98 51 50
98 52 -80
98 53 154
98 57 -5
98 58 -3
98 65 -12
98 66 -10
98 67 -60
98 68 9
98 70 -45
98 72 60
98 73 -40
98 74 -9
98 75 -30
98 76 -10
98 79 -8
98 80 50
98 81 -45
98 82 -45
98 83 -40
98 84 -42
98 85 100
98 86 3
98 87 -30
98 88 -12
98 89 1
98 90 -50
98 92 7
98 94 5
98 95 42
98 96 -8
98 97 -70
98 98 371
98 99 -76
99 1 -85
99 2 56
99 3 -108
99 4 40
99 5 -51
99 6 123
99 7 70
99 8 -50
99 9 8
99 10 124
99 11 -30
99 13 -8
99 14 -10
99 15 -35
99 17 27
99 18 -30
99 19 -70
99 20 60
99 21 -36
99 25 -30
99 26 -2
99 27 -90
99 28 25
99 29 60
99 30 10
99 32 -35
99 34 46
99 35 10
99 36 -24
99 38 -32
99 40 24
99 41 -15
99 42 -37
99 43 -15
99 44 -42
99 45 -35
99 46 48
99 47 56
99 48 29
99 49 25
99 50 -33
99 51 -35
99 52 64
99 53 -65
99 55 14
99 56 24
99 58 50
99 59 -54
99 60 12
99 61 -19
99 62 27
99 63 53
99 64 50
99 65 -77
99 66 8
99 67 45
99 71 12
99 74 50
99 75 32
99 76 23
99 79 -9
99 80 36
99 82 -35
99 83 32
99 84 72
99 85 -12
99 86 -55
99 88 -2
99 89 -24
99 90 48
99 91 35
99 92 -70
99 94 -30
99 96 -28
99 97 70
99 98 -76
99 99 454
