0 0 210
0 2 147
0 3 -10
0 4 84
0 5 -22
0 6 87
0 7 -24
0 8 -66
0 9 83
0 10 -22
0 11 -28
0 12 -101
0 13 40
0 14 50
0 15 9
0 16 -32
0 17 4
0 18 -16
0 19 9
1 1 238
1 2 -119
1 3 106
1 4 -69
1 5 -81
1 6 -20
1 7 -87
1 8 -13
1 9 26
1 10 -142
1 11 26
1 12 -129
1 13 103
1 14 -100
1 15 -50
1 16 -157
1 17 113
1 18 12
1 19 -42
1 20 -30
1 21 -48
2 0 147
2 1 -119
2 2 581
2 3 88
2 4 72
2 5 -93
2 6 37
2 7 231
2 8 85
2 9 -183
2 10 65
2 11 -172
2 12 45
2 13 35
2 14 18
2 15 -56
2 16 93
2 17 -87
2 18 -43
2 19 51
2 20 -48
2 21 78
3 0 -10
3 1 106
3 2 88
3 3 419
3 4 -52
3 5 59
3 6 13
3 7 65
3 8 -20
3 9 -85
3 10 51
3 11 -18
3 12 36
3 13 91
3 14 -126
3 15 -1
3 16 83
3 17 111
3 18 57
3 19 -118
3 20 -14
3 21 -82
3 22 15
4 0 84
4 1 -69
4 2 72
4 3 -52
4 4 428
4 5 -31
4 6 65
4 7 -6
4 8 -15
4 9 106
4 10 -5
4 11 -148
4 12 117
4 13 -79
4 14 92
4 15 206
4 16 -76
4 17 24
4 18 -30
4 19 -84
4 20 13
4 21 3
4 22 24
4 24 40
5 0 -22
5 1 -81
5 2 -93
5 3 59
5 4 -31
5 5 410
5 6 199
5 7 -50
5 8 26
5 9 58
5 10 97
5 11 50
5 12 121
5 13 -81
5 14 -18
5 15 1
5 16 125
5 17 -67
5 18 -86
5 19 42
5 20 31
5 21 63
5 22 -21
5 24 40
6 0 87
6 1 -20
6 2 37
6 3 13
6 4 65
6 5 199
6 6 623
6 7 80
6 8 -69
6 9 317
6 10 -46
6 11 196
6 12 56
6 13 155
6 14 156
6 15 -107
6 16 -187
6 17 28
6 18 -129
6 19 -129
6 20 79
6 21 -31
6 22 6
6 23 -6
6 24 56
6 25 22
7 0 -24
7 1 -87
7 2 231
7 3 65
7 4 -6
7 5 -50
7 6 80
7 7 405
7 8 95
7 9 6
7 10 55
7 11 -79
7 12 149
7 13 40
7 14 -6
7 15 -152
7 16 101
7 17 -66
7 18 27
7 19 -48
7 20 46
7 21 6
7 22 -8
7 23 -10
7 24 -80
7 25 -6
7 26 30
7 27 40
8 0 -66
8 1 -13
8 2 85
8 3 -20
8 4 -15
8 5 26
8 6 -69
8 7 95
8 8 321
8 9 19
8 10 49
8 11 48
8 12 55
8 13 -52
8 14 -43
8 15 17
8 16 23
8 17 -123
8 18 -45
8 19 64
8 20 5
8 21 51
8 22 33
8 23 -21
8 24 8
8 25 12
8 27 18
9 0 83
9 1 26
9 2 -183
9 3 -85
9 4 106
9 5 58
9 6 317
9 7 6
9 8 19
9 9 502
9 10 -64
9 11 225
9 12 92
9 13 70
9 14 157
9 15 -15
9 16 -179
9 17 42
9 18 -115
9 19 -138
9 20 48
9 21 -132
9 22 24
9 23 25
9 24 56
9 25 15
9 27 -24
10 0 -22
10 1 -142
10 2 65
10 3 51
10 4 -5
10 5 97
10 6 -46
10 7 55
10 8 49
10 9 -64
10 10 654
10 11 -141
10 12 -9
10 13 -12
10 14 -52
10 15 25
10 16 184
10 17 -258
10 18 188
10 19 81
10 20 198
10 21 70
10 22 -109
10 23 -82
10 24 72
10 25 -24
10 26 40
10 27 24
10 29 40
11 0 -28
11 1 26
11 2 -172
11 3 -18
11 4 -148
11 5 50
11 6 196
11 7 -79
11 8 48
11 9 225
11 10 -141
11 11 637
11 12 -52
11 13 27
11 14 8
11 15 35
11 16 -51
11 17 6
11 18 3
11 19 -106
11 20 -12
11 21 -101
11 22 128
11 23 -21
11 24 48
11 25 -10
11 26 -57
11 27 -73
11 28 9
11 29 -43
11 30 -61
11 31 16
12 0 -101
12 1 -129
12 2 45
12 3 36
12 4 117
12 5 121
12 6 56
12 7 149
12 8 55
12 9 92
12 10 -9
12 11 -52
12 12 712
12 13 -156
12 14 -59
12 16 89
12 17 -78
12 18 -53
12 19 -175
12 20 88
12 21 76
12 22 -171
12 23 35
12 24 63
12 25 -30
12 26 -99
12 27 -12
12 28 41
12 29 -49
12 30 -20
12 31 20
13 0 40
13 1 103
13 2 35
13 3 91
13 4 -79
13 5 -81
13 6 155
13 7 40
13 8 -52
13 9 70
13 10 -12
13 11 27
13 12 -156
13 13 439
13 14 -21
13 15 -193
13 16 -279
13 17 141
13 18 -132
13 19 -86
13 20 32
13 21 -69
13 22 76
13 23 -19
13 24 -54
13 25 46
13 26 27
13 27 36
13 28 -4
13 29 16
14 0 50
14 1 -100
14 2 18
14 3 -126
14 4 92
14 5 -18
14 6 156
14 7 -6
14 8 -43
14 9 157
14 10 -52
14 11 8
14 12 -59
14 13 -21
14 14 612
14 15 -12
14 16 -64
14 17 86
14 18 3
14 19 -81
14 20 16
14 21 -229
14 22 -61
14 23 -70
14 24 67
14 25 104
14 26 -59
14 27 -38
14 28 6
14 29 -32
14 30 -29
14 31 105
14 33 -81
14 34 -27
15 0 9
15 1 -50
15 2 -56
15 3 -1
15 4 206
15 5 1
15 6 -107
15 7 -152
15 8 17
15 9 -15
15 10 25
15 11 35
15 13 -193
15 14 -12
15 15 644
15 16 85
15 17 31
15 18 156
15 19 -77
15 20 53
15 21 3
15 22 163
15 23 -49
15 24 280
15 25 -9
15 26 23
15 27 30
15 28 49
15 29 53
15 30 55
15 31 36
15 32 56
15 33 6
15 35 -63
16 0 -32
16 1 -157
16 2 93
16 3 83
16 4 -76
16 5 125
16 6 -187
16 7 101
16 8 23
16 9 -179
16 10 184
16 11 -51
16 12 89
16 13 -279
16 14 -64
16 15 85
16 16 748
16 17 -43
16 18 211
16 19 150
16 20 -31
16 21 -31
16 22 52
16 23 -95
16 24 -157
16 25 -1
16 26 97
16 27 59
16 28 -136
16 29 83
16 30 57
16 31 43
16 32 -24
16 33 -62
16 34 -117
16 35 27
17 0 4
17 1 113
17 2 -87
17 3 111
17 4 24
17 5 -67
17 6 28
17 7 -66
17 8 -123
17 9 42
17 10 -258
17 11 6
17 12 -78
17 13 141
17 14 86
17 15 31
17 16 -43
17 17 481
17 18 -179
17 19 -62
17 20 -41
17 21 -245
17 22 141
17 23 94
17 24 -68
17 25 -12
17 26 49
17 27 -19
17 28 -90
17 29 -1
17 30 96
17 31 63
17 33 -57
17 34 -21
18 0 -16
18 1 12
18 2 -43
18 3 57
18 4 -30
18 5 -86
18 6 -129
18 7 27
18 8 -45
18 9 -115
18 10 188
18 11 3
18 12 -53
18 13 -132
18 14 3
18 15 156
18 16 211
18 17 -179
18 18 606
18 19 70
18 20 71
18 21 63
18 22 -119
18 23 -143
18 24 -9
18 25 -43
18 26 -18
18 27 91
18 28 97
18 29 -19
18 30 32
18 31 172
18 32 -16
18 33 -1
18 35 110
18 36 -29
18 38 35
19 0 9
19 1 -42
19 2 51
19 3 -118
19 4 -84
19 5 42
19 6 -129
19 7 -48
19 8 64
19 9 -138
19 10 81
19 11 -106
19 12 -175
19 13 -86
19 14 -81
19 15 -77
19 16 150
19 17 -62
19 18 70
19 19 555
19 20 23
19 21 101
19 22 131
19 23 117
19 24 -156
19 25 -162
19 26 129
19 27 -56
19 28 -83
19 30 66
19 31 110
19 32 -64
19 33 13
19 34 76
19 35 201
19 36 -53
19 37 7
19 38 47
19 39 -7
20 1 -30
20 2 -48
20 3 -14
20 4 13
20 5 31
20 6 79
20 7 46
20 8 5
20 9 48
20 10 198
20 11 -12
20 12 88
20 13 32
20 14 16
20 15 53
20 16 -31
20 17 -41
20 18 71
20 19 23
20 20 564
20 21 4
20 22 19
20 23 -62
20 24 56
20 25 -108
20 26 -10
20 27 -2
20 28 -57
20 29 -2
20 30 -38
20 31 -6
20 34 -10
20 35 -36
20 36 72
20 38 -42
21 1 -48
21 2 78
21 3 -82
21 4 3
21 5 63
21 6 -31
21 7 6
21 8 51
21 9 -132
21 10 70
21 11 -101
21 12 76
21 13 -69
21 14 -229
21 15 3
21 16 -31
21 17 -245
21 18 63
21 19 101
21 20 4
21 21 692
21 22 -86
21 23 152
21 24 30
21 25 -231
21 26 15
21 27 216
21 28 -47
21 29 -97
21 30 -28
21 31 -95
21 32 123
21 33 -17
21 34 140
21 35 -66
21 36 -40
21 37 -79
21 38 100
21 39 70
21 40 -102
21 41 63
22 3 15
22 4 24
22 5 -21
22 6 6
22 7 -8
22 8 33
22 9 24
22 10 -109
22 11 128
22 12 -171
22 13 76
22 14 -61
22 15 163
22 16 52
22 17 141
22 18 -119
22 19 131
22 20 19
22 21 -86
22 22 551
22 23 -33
22 24 -13
22 25 58
22 26 128
22 27 56
22 28 -196
22 29 126
22 30 -56
22 31 -111
22 32 68
22 33 53
22 34 47
22 35 71
22 36 -130
22 37 59
22 38 36
22 39 -64
22 40 -80
22 41 70
22 42 50
23 6 -6
23 7 -10
23 8 -21
23 9 25
23 10 -82
23 11 -21
23 12 35
23 13 -19
23 14 -70
23 15 -49
23 16 -95
23 17 94
23 18 -143
23 19 117
23 20 -62
23 21 152
23 22 -33
23 23 650
23 24 -63
23 25 -331
23 26 99
23 27 -77
23 28 -161
23 29 32
23 30 135
23 31 31
23 32 9
23 33 71
23 34 136
23 35 92
23 36 -100
23 37 29
23 38 148
23 39 -11
23 40 -64
23 41 -93
23 42 30
24 4 40
24 5 40
24 6 56
24 7 -80
24 8 8
24 9 56
24 10 72
24 11 48
24 12 63
24 13 -54
24 14 67
24 15 280
24 16 -157
24 17 -68
24 18 -9
24 19 -156
24 20 56
24 21 30
24 22 -13
24 23 -63
24 24 551
24 25 -49
24 26 -25
24 27 48
24 28 78
24 29 99
24 30 -36
24 31 57
24 32 22
24 33 -24
24 34 85
24 35 -60
24 36 20
24 37 -92
24 38 -85
24 39 22
24 40 -46
24 41 80
24 42 -68
25 6 22
25 7 -6
25 8 12
25 9 15
25 10 -24
25 11 -10
25 12 -30
25 13 46
25 14 104
25 15 -9
25 16 -1
25 17 -12
25 18 -43
25 19 -162
25 20 -108
25 21 -231
25 22 58
25 23 -331
25 24 -49
25 25 652
25 26 -48
25 27 -98
25 29 -11
25 30 3
25 31 -26
25 32 -27
25 33 -61
25 34 -110
25 35 -39
25 36 70
25 37 74
25 39 -41
25 40 25
25 41 -100
25 42 110
25 43 40
25 44 36
25 45 24
26 7 30
26 10 40
26 11 -57
26 12 -99
26 13 27
26 14 -59
26 15 23
26 16 97
26 17 49
26 18 -18
26 19 129
26 20 -10
26 21 15
26 22 128
26 23 99
26 24 -25
26 25 -48
26 26 282
26 27 79
26 28 -48
26 29 128
26 30 105
26 31 80
26 32 -41
26 33 -10
26 34 -35
26 35 77
26 36 1
26 37 -58
26 38 -10
26 39 3
26 40 41
26 41 -28
26 42 34
26 43 12
26 44 -20
27 7 40
27 8 18
27 9 -24
27 10 24
27 11 -73
27 12 -12
27 13 36
27 14 -38
27 15 30
27 16 59
27 17 -19
27 18 91
27 19 -56
27 20 -2
27 21 216
27 22 56
27 23 -77
27 24 48
27 25 -98
27 26 79
27 27 433
27 28 -10
27 29 39
27 30 -11
27 31 2
27 32 122
27 33 -33
27 34 -42
27 35 -24
27 36 -129
27 37 -121
27 38 -62
27 39 51
27 40 -64
27 41 170
27 42 -74
27 43 18
27 44 -30
28 11 9
28 12 41
28 13 -4
28 14 6
28 15 49
28 16 -136
28 17 -90
28 18 97
28 19 -83
28 20 -57
28 21 -47
28 22 -196
28 23 -161
28 24 78
28 26 -48
28 27 -10
28 28 554
28 29 -69
28 30 -145
28 31 22
28 32 42
28 33 128
28 34 21
28 35 -46
28 36 138
28 37 -29
28 38 -175
28 39 -13
28 40 116
28 41 55
28 42 13
28 43 50
28 44 -9
28 45 30
28 46 -90
28 47 45
29 10 40
29 11 -43
29 12 -49
29 13 16
29 14 -32
29 15 53
29 16 83
29 17 -1
29 18 -19
29 20 -2
29 21 -97
29 22 126
29 23 32
29 24 99
29 25 -11
29 26 128
29 27 39
29 28 -69
29 29 372
29 30 47
29 31 -13
29 32 -49
29 33 65
29 34 -18
29 35 121
29 36 -111
29 37 14
29 38 26
29 39 -155
29 40 -33
29 41 66
29 42 112
29 43 -21
29 44 -85
29 45 -14
29 46 -53
29 47 -54
29 48 8
29 49 24
30 11 -61
30 12 -20
30 14 -29
30 15 55
30 16 57
30 17 96
30 18 32
30 19 66
30 20 -38
30 21 -28
30 22 -56
30 23 135
30 24 -36
30 25 3
30 26 105
30 27 -11
30 28 -145
30 29 47
30 30 601
30 31 202
30 32 -216
30 33 -79
30 34 -77
30 35 -73
30 36 27
30 37 12
30 38 44
30 39 -96
30 40 -21
30 41 -53
30 42 94
30 43 -137
30 44 -112
30 45 -74
30 46 -82
30 47 45
30 48 56
30 49 -56
31 11 16
31 12 20
31 14 105
31 15 36
31 16 43
31 17 63
31 18 172
31 19 110
31 20 -6
31 21 -95
31 22 -111
31 23 31
31 24 57
31 25 -26
31 26 80
31 27 2
31 28 22
31 29 -13
31 30 202
31 31 435
31 32 -79
31 33 -159
31 34 -116
31 35 68
31 36 55
31 37 -60
31 38 -97
31 39 68
31 40 141
31 41 -105
31 42 -78
31 43 25
31 44 11
31 46 32
31 47 34
31 48 8
31 49 -32
32 15 56
32 16 -24
32 18 -16
32 19 -64
32 21 123
32 22 68
32 23 9
32 24 22
32 25 -27
32 26 -41
32 27 122
32 28 42
32 29 -49
32 30 -216
32 31 -79
32 32 320
32 33 -59
32 34 25
32 35 -26
32 36 -105
32 37 4
32 38 -1
32 39 177
32 40 49
32 41 27
32 42 -62
32 43 178
32 44 87
32 45 64
32 46 51
32 47 -53
32 48 -80
32 49 60
32 50 8
32 51 4
32 52 -32
33 14 -81
33 15 6
33 16 -62
33 17 -57
33 18 -1
33 19 13
33 21 -17
33 22 53
33 23 71
33 24 -24
33 25 -61
33 26 -10
33 27 -33
33 28 128
33 29 65
33 30 -79
33 31 -159
33 32 -59
33 33 337
33 34 3
33 35 58
33 36 -2
33 37 81
33 38 11
33 39 -238
33 40 -105
33 41 -14
33 42 95
33 43 -81
33 44 -40
33 45 -49
33 47 14
33 48 -7
33 49 -7
33 50 -14
33 51 -7
33 52 56
34 14 -27
34 16 -117
34 17 -21
34 19 76
34 20 -10
34 21 140
34 22 47
34 23 136
34 24 85
34 25 -110
34 26 -35
34 27 -42
34 28 21
34 29 -18
34 30 -77
34 31 -116
34 32 25
34 33 3
34 34 556
34 35 97
34 36 -49
34 37 24
34 38 126
34 39 -4
34 40 -208
34 41 171
34 42 36
34 43 31
34 44 -36
34 45 -2
34 46 -140
34 47 44
34 48 -10
34 49 24
34 50 -14
34 51 -2
34 52 -64
34 53 10
35 15 -63
35 16 27
35 18 110
35 19 201
35 20 -36
35 21 -66
35 22 71
35 23 92
35 24 -60
35 25 -39
35 26 77
35 27 -24
35 28 -46
35 29 121
35 30 -73
35 31 68
35 32 -26
35 33 58
35 34 97
35 35 508
35 36 -223
35 37 23
35 38 209
35 39 54
35 40 -143
35 41 -83
35 42 -47
35 43 198
35 44 24
35 45 -16
35 46 -8
35 47 -37
35 48 -106
35 49 115
35 50 119
35 51 -36
35 53 -15
36 18 -29
36 19 -53
36 20 72
36 21 -40
36 22 -130
36 23 -100
36 24 20
36 25 70
36 26 1
36 27 -129
36 28 138
36 29 -111
36 30 27
36 31 55
36 32 -105
36 33 -2
36 34 -49
36 35 -223
36 36 619
36 37 -50
36 38 -141
36 40 116
36 41 -103
36 42 109
36 43 -132
36 44 166
36 45 18
36 46 136
36 47 77
36 48 67
36 49 -108
36 50 -58
36 51 -4
36 52 32
36 53 10
37 19 7
37 21 -79
37 22 59
37 23 29
37 24 -92
37 25 74
37 26 -58
37 27 -121
37 28 -29
37 29 14
37 30 12
37 31 -60
37 32 4
37 33 81
37 34 24
37 35 23
37 36 -50
37 37 303
37 38 79
37 39 -148
37 40 47
37 41 -82
37 42 -34
37 43 -30
37 44 -57
37 45 -24
37 46 18
37 47 27
37 48 -15
37 49 -34
37 50 62
37 51 -86
37 52 111
37 53 -5
37 54 14
37 55 31
37 56 -28
38 18 35
38 19 47
38 20 -42
38 21 100
38 22 36
38 23 148
38 24 -85
38 26 -10
38 27 -62
38 28 -175
38 29 26
38 30 44
38 31 -97
38 32 -1
38 33 11
38 34 126
38 35 209
38 36 -141
38 37 79
38 38 554
38 39 -63
38 40 -260
38 41 -109
38 42 219
38 43 67
38 44 -173
38 45 -88
38 46 50
38 47 -75
38 48 -21
38 49 115
38 50 95
38 51 -29
38 52 15
38 53 -5
38 54 -28
38 55 -6
38 56 -17
38 57 -2
38 58 1
39 19 -7
39 21 70
39 22 -64
39 23 -11
39 24 22
39 25 -41
39 26 3
39 27 51
39 28 -13
39 29 -155
39 30 -96
39 31 68
39 32 177
39 33 -238
39 34 -4
39 35 54
39 37 -148
39 38 -63
39 39 751
39 40 42
39 41 -21
39 42 -262
39 43 323
39 44 175
39 45 118
39 46 107
39 47 71
39 48 -12
39 49 84
39 50 83
39 51 -19
39 52 -187
39 53 -41
39 54 38
39 55 72
39 56 37
39 57 -1
39 58 -2
39 59 -40
40 21 -102
40 22 -80
40 23 -64
40 24 -46
40 25 25
40 26 41
40 27 -64
40 28 116
40 29 -33
40 30 -21
40 31 141
40 32 49
40 33 -105
40 34 -208
40 35 -143
40 36 116
40 37 47
40 38 -260
40 39 42
40 40 624
40 41 100
40 42 -159
40 43 -130
40 44 1
40 45 -1
40 46 223
40 47 1
40 48 40
40 49 -271
40 50 53
40 51 -94
40 52 -15
40 53 27
40 54 79
40 55 -34
40 56 -124
40 57 69
40 58 -10
40 59 36
40 60 -8
41 21 63
41 22 70
41 23 -93
41 24 80
41 25 -100
41 26 -28
41 27 170
41 28 55
41 29 66
41 30 -53
41 31 -105
41 32 27
41 33 -14
41 34 171
41 35 -83
41 36 -103
41 37 -82
41 38 -109
41 39 -21
41 40 100
41 41 614
41 42 77
41 43 -178
41 44 -103
41 45 -8
41 46 -43
41 47 -70
41 48 298
41 49 -185
41 50 41
41 51 -126
41 52 -73
41 53 40
41 54 140
41 55 129
41 56 -60
41 57 103
41 58 -7
41 59 -89
41 60 -18
42 22 50
42 23 30
42 24 -68
42 25 110
42 26 34
42 27 -74
42 28 13
42 29 112
42 30 94
42 31 -78
42 32 -62
42 33 95
42 34 36
42 35 -47
42 36 109
42 37 -34
42 38 219
42 39 -262
42 40 -159
42 41 77
42 42 579
42 43 -57
42 44 -119
42 45 3
42 46 -189
42 47 -121
42 48 137
42 49 65
42 50 -111
42 51 95
42 52 -19
42 53 68
42 54 -59
42 55 106
42 56 -80
42 57 22
42 58 -11
42 59 20
42 60 -16
42 61 -24
43 25 40
43 26 12
43 27 18
43 28 50
43 29 -21
43 30 -137
43 31 25
43 32 178
43 33 -81
43 34 31
43 35 198
43 36 -132
43 37 -30
43 38 67
43 39 323
43 40 -130
43 41 -178
43 42 -57
43 43 819
43 44 -148
43 45 144
43 46 -64
43 47 65
43 48 -176
43 49 158
43 50 -5
43 51 -28
43 52 -77
43 53 55
43 54 -138
43 55 126
43 56 125
43 57 -94
43 58 57
43 59 134
43 60 -38
43 61 -60
43 62 50
44 25 36
44 26 -20
44 27 -30
44 28 -9
44 29 -85
44 30 -112
44 31 11
44 32 87
44 33 -40
44 34 -36
44 35 24
44 36 166
44 37 -57
44 38 -173
44 39 175
44 40 1
44 41 -103
44 42 -119
44 43 -148
44 44 664
44 45 161
44 46 130
44 47 -24
44 48 -1
44 49 30
44 50 -79
44 51 104
44 52 56
44 53 -38
44 54 39
44 55 -106
44 56 83
44 57 -7
44 58 -16
44 59 -133
44 60 -5
44 61 100
44 62 -49
44 63 9
44 64 -10
45 25 24
45 28 30
45 29 -14
45 30 -74
45 32 64
45 33 -49
45 34 -2
45 35 -16
45 36 18
45 37 -24
45 38 -88
45 39 118
45 40 -1
45 41 -8
45 42 3
45 43 144
45 44 161
45 45 302
45 46 -64
45 47 -19
45 48 27
45 49 119
45 50 -123
45 51 83
45 52 31
45 53 90
45 54 -162
45 55 -40
45 56 -43
45 57 -78
45 58 -23
45 60 60
45 61 56
45 62 40
45 63 36
45 64 -40
45 65 -16
46 28 -90
46 29 -53
46 30 -82
46 31 32
46 32 51
46 34 -140
46 35 -8
46 36 136
46 37 18
46 38 50
46 39 107
46 40 223
46 41 -43
46 42 -189
46 43 -64
46 44 130
46 45 -64
46 46 900
46 47 171
46 48 -18
46 49 -200
46 50 -28
46 51 -74
46 52 37
46 53 -147
46 54 134
46 55 -140
46 56 102
46 57 -34
46 58 -21
46 59 -43
46 60 -19
46 61 134
46 62 -78
46 63 63
46 64 -4
46 65 -22
46 66 -24
47 28 45
47 29 -54
47 30 45
47 31 34
47 32 -53
47 33 14
47 34 44
47 35 -37
47 36 77
47 37 27
47 38 -75
47 39 71
47 40 1
47 41 -70
47 42 -121
47 43 65
47 44 -24
47 45 -19
47 46 171
47 47 412
47 48 10
47 49 -86
47 50 -49
47 51 -78
47 52 -32
47 53 -92
47 54 -115
47 55 -66
47 56 48
47 57 -190
47 58 55
47 59 92
47 60 99
47 61 54
47 62 -20
47 63 9
47 64 -54
47 65 24
47 66 16
48 29 8
48 30 56
48 31 8
48 32 -80
48 33 -7
48 34 -10
48 35 -106
48 36 67
48 37 -15
48 38 -21
48 39 -12
48 40 40
48 41 298
48 42 137
48 43 -176
48 44 -1
48 45 27
48 46 -18
48 47 10
48 48 612
48 49 -44
48 50 62
48 51 -279
48 52 -14
48 53 94
48 54 87
48 55 265
48 56 36
48 57 -91
48 58 149
48 59 -140
48 60 35
48 61 -20
48 62 -22
48 63 9
48 64 -135
48 65 10
48 66 28
48 67 -8
48 68 -32
49 29 24
49 30 -56
49 31 -32
49 32 60
49 33 -7
49 34 24
49 35 115
49 36 -108
49 37 -34
49 38 115
49 39 84
49 40 -271
49 41 -185
49 42 65
49 43 158
49 44 30
49 45 119
49 46 -200
49 47 -86
49 48 -44
49 49 608
49 50 -50
49 51 146
49 52 92
49 53 53
49 54 -98
49 55 10
49 56 50
49 57 -232
49 58 27
49 59 63
49 60 12
49 61 50
49 62 -64
49 63 81
49 64 -119
49 65 -54
49 66 16
49 67 87
49 68 -48
50 32 8
50 33 -14
50 34 -14
50 35 119
50 36 -58
50 37 62
50 38 95
50 39 83
50 40 53
50 41 41
50 42 -111
50 43 -5
50 44 -79
50 45 -123
50 46 -28
50 47 -49
50 48 62
50 49 -50
50 50 519
50 51 -154
50 52 50
50 53 77
50 54 236
50 55 14
50 56 -28
50 57 159
50 58 14
50 59 -15
50 60 -134
50 61 -176
50 62 -37
50 63 -99
50 64 19
50 65 36
50 66 -39
50 67 99
50 68 57
50 70 -81
51 32 4
51 33 -7
51 34 -2
51 35 -36
51 36 -4
51 37 -86
51 38 -29
51 39 -19
51 40 -94
51 41 -126
51 42 95
51 43 -28
51 44 104
51 45 83
51 46 -74
51 47 -78
51 48 -279
51 49 146
51 50 -154
51 51 445
51 52 -31
51 53 47
51 54 -25
51 55 -154
51 56 -37
51 57 160
51 58 -240
51 59 75
51 60 -28
51 61 106
51 62 -14
51 63 90
51 64 60
51 65 -28
51 66 -52
51 67 -10
51 68 44
52 32 -32
52 33 56
52 34 -64
52 36 32
52 37 111
52 38 15
52 39 -187
52 40 -15
52 41 -73
52 42 -19
52 43 -77
52 44 56
52 45 31
52 46 37
52 47 -32
52 48 -14
52 49 92
52 50 50
52 51 -31
52 52 642
52 53 201
52 54 43
52 55 -52
52 56 -95
52 57 1
52 58 -53
52 59 24
52 60 29
52 61 40
52 62 14
52 63 27
52 64 -24
52 65 -39
52 66 -99
52 67 -74
52 68 106
52 70 -37
52 71 25
52 72 50
53 34 10
53 35 -15
53 36 10
53 37 -5
53 38 -5
53 39 -41
53 40 27
53 41 40
53 42 68
53 43 55
53 44 -38
53 45 90
53 46 -147
53 47 -92
53 48 94
53 49 53
53 50 77
53 51 47
53 52 201
53 53 431
53 54 82
53 55 20
53 56 -113
53 57 130
53 58 -9
53 59 101
53 60 -92
53 61 -92
53 62 1
53 63 -18
53 64 -99
53 65 -24
53 66 -42
53 67 -15
53 68 18
54 37 14
54 38 -28
54 39 38
54 40 79
54 41 140
54 42 -59
54 43 -138
54 44 39
54 45 -162
54 46 134
54 47 -115
54 48 87
54 49 -98
54 50 236
54 51 -25
54 52 43
54 53 82
54 54 550
54 55 -5
54 56 60
54 57 290
54 58 -103
54 59 -75
54 60 -172
54 61 -47
54 62 -147
54 63 42
54 64 -3
54 65 46
54 66 -32
54 67 23
54 68 -47
54 69 -24
54 70 48
54 71 14
54 72 36
54 73 -40
55 37 31
55 38 -6
55 39 72
55 40 -34
55 41 129
55 42 106
55 43 126
55 44 -106
55 45 -40
55 46 -140
55 47 -66
55 48 265
55 49 10
55 50 14
55 51 -154
55 52 -52
55 53 20
55 54 -5
55 55 446
55 56 74
55 57 3
55 58 81
55 60 45
55 61 -114
55 62 77
55 63 -81
55 64 18
55 65 -24
55 66 14
55 67 -39
55 68 46
55 69 18
55 70 -30
55 71 -26
55 72 -54
55 73 13
55 74 -6
56 37 -28
56 38 -17
56 39 37
56 40 -124
56 41 -60
56 42 -80
56 43 125
56 44 83
56 45 -43
56 46 102
56 47 48
56 48 36
56 49 50
56 50 -28
56 51 -37
56 52 -95
56 53 -113
56 54 60
56 55 74
56 56 718
56 57 -108
56 58 80
56 59 32
56 60 -11
56 61 110
56 62 -71
56 63 7
56 64 -8
56 65 24
56 66 78
56 67 77
56 68 40
56 69 8
56 70 -18
56 71 64
56 72 18
56 73 54
56 74 -52
56 75 30
57 38 -2
57 39 -1
57 40 69
57 41 103
57 42 22
57 43 -94
57 44 -7
57 45 -78
57 46 -34
57 47 -190
57 48 -91
57 49 -232
57 50 159
57 51 160
57 52 1
57 53 130
57 54 290
57 55 3
57 56 -108
57 57 556
57 58 -236
57 59 -104
57 60 -78
57 61 -9
57 62 63
57 63 67
57 64 109
57 65 9
57 66 8
57 67 -133
57 68 80
57 69 -70
57 70 20
57 71 -2
57 72 -52
57 73 -36
57 74 67
57 75 21
58 38 1
58 39 -2
58 40 -10
58 41 -7
58 42 -11
58 43 57
58 44 -16
58 45 -23
58 46 -21
58 47 55
58 48 149
58 49 27
58 50 14
58 51 -240
58 52 -53
58 53 -9
58 54 -103
58 55 81
58 56 80
58 57 -236
58 58 572
58 59 -45
58 60 -131
58 61 -65
58 62 -52
58 63 24
58 64 -2
58 65 -23
58 66 95
58 67 51
58 68 -177
58 69 134
58 70 -3
58 71 -193
58 72 -11
58 73 -146
58 74 91
58 75 -55
58 76 45
58 77 45
58 78 -5
59 39 -40
59 40 36
59 41 -89
59 42 20
59 43 134
59 44 -133
59 46 -43
59 47 92
59 48 -140
59 49 63
59 50 -15
59 51 75
59 52 24
59 53 101
59 54 -75
59 56 32
59 57 -104
59 58 -45
59 59 532
59 60 24
59 61 -210
59 62 10
59 63 -168
59 64 90
59 65 41
59 66 52
59 67 -6
59 68 163
59 69 -40
59 70 -62
59 71 174
59 72 105
59 73 53
59 74 -89
59 75 52
59 76 9
59 77 -9
59 78 1
59 79 -8
60 40 -8
60 41 -18
60 42 -16
60 43 -38
60 44 -5
60 45 60
60 46 -19
60 47 99
60 48 35
60 49 12
60 50 -134
60 51 -28
60 52 29
60 53 -92
60 54 -172
60 55 45
60 56 -11
60 57 -78
60 58 -131
60 59 24
60 60 606
60 61 38
60 62 36
60 63 85
60 64 -38
60 65 59
60 66 34
60 67 -115
60 68 138
60 69 -22
60 70 -112
60 71 72
60 72 -112
60 73 35
60 74 -96
60 75 7
60 76 27
60 77 45
60 78 11
60 79 -8
60 80 -10
61 42 -24
61 43 -60
61 44 100
61 45 56
61 46 134
61 47 54
61 48 -20
61 49 50
61 50 -176
61 51 106
61 52 40
61 53 -92
61 54 -47
61 55 -114
61 56 110
61 57 -9
61 58 -65
61 59 -210
61 60 38
61 61 631
61 62 84
61 63 265
61 64 -61
61 65 -58
61 66 -48
61 67 -102
61 68 -46
61 69 184
61 70 142
61 71 -161
61 72 116
61 73 26
61 74 -63
61 75 38
61 76 -63
61 78 -16
61 79 77
61 80 4
61 81 -6
62 43 50
62 44 -49
62 45 40
62 46 -78
62 47 -20
62 48 -22
62 49 -64
62 50 -37
62 51 -14
62 52 14
62 53 1
62 54 -147
62 55 77
62 56 -71
62 57 63
62 58 -52
62 59 10
62 60 36
62 61 84
62 62 541
62 63 76
62 64 -42
62 65 -83
62 66 109
62 67 40
62 68 113
62 69 -60
62 70 -97
62 71 -61
62 72 -15
62 73 191
62 74 50
62 75 142
62 76 54
62 77 63
62 78 -147
62 79 113
62 80 52
62 81 -18
62 82 50
63 44 9
63 45 36
63 46 63
63 47 9
63 48 9
63 49 81
63 50 -99
63 51 90
63 52 27
63 53 -18
63 54 42
63 55 -81
63 56 7
63 57 67
63 58 24
63 59 -168
63 60 85
63 61 265
63 62 76
63 63 560
63 64 -194
63 65 82
63 66 130
63 67 -47
63 68 -65
63 69 -52
63 70 -6
63 71 -99
63 72 16
63 73 -74
63 74 151
63 75 43
63 76 36
63 77 72
63 78 -56
63 79 4
63 80 8
63 81 -8
63 82 40
64 44 -10
64 45 -40
64 46 -4
64 47 -54
64 48 -135
64 49 -119
64 50 19
64 51 60
64 52 -24
64 53 -99
64 54 -3
64 55 18
64 56 -8
64 57 109
64 58 -2
64 59 90
64 60 -38
64 61 -61
64 62 -42
64 63 -194
64 64 566
64 65 -148
64 66 -129
64 67 -240
64 68 1
64 69 99
64 70 -59
64 71 -9
64 72 70
64 73 -63
64 74 -29
64 75 -161
64 76 26
64 77 -15
64 78 55
64 79 -67
64 80 -98
64 81 12
64 82 65
64 83 -20
65 45 -16
65 46 -22
65 47 24
65 48 10
65 49 -54
65 50 36
65 51 -28
65 52 -39
65 53 -24
65 54 46
65 55 -24
65 56 24
65 57 9
65 58 -23
65 59 41
65 60 59
65 61 -58
65 62 -83
65 63 82
65 64 -148
65 65 428
65 66 11
65 67 -34
65 68 87
65 69 16
65 70 28
65 71 -78
65 72 128
65 73 -107
65 74 -13
65 75 60
65 76 -72
65 77 -63
65 78 67
65 79 -16
65 80 -53
65 81 -12
65 82 10
66 46 -24
66 47 16
66 48 28
66 49 16
66 50 -39
66 51 -52
66 52 -99
66 53 -42
66 54 -32
66 55 14
66 56 78
66 57 8
66 58 95
66 59 52
66 60 34
66 61 -48
66 62 109
66 63 130
66 64 -129
66 65 11
66 66 452
66 67 121
66 68 -11
66 69 -211
66 70 -75
66 71 150
66 72 -94
66 73 44
66 74 136
66 75 23
66 76 -55
66 77 54
66 78 -34
66 79 -130
66 80 28
66 82 90
66 83 40
66 84 -16
67 48 -8
67 49 87
67 50 99
67 51 -10
67 52 -74
67 53 -15
67 54 23
67 55 -39
67 56 77
67 57 -133
67 58 51
67 59 -6
67 60 -115
67 61 -102
67 62 40
67 63 -47
67 64 -240
67 65 -34
67 66 121
67 67 601
67 68 -85
67 69 22
67 70 -108
67 71 73
67 72 -6
67 73 172
67 74 12
67 75 -34
67 76 -37
67 77 129
67 78 -115
67 79 -33
67 80 147
67 82 18
67 83 61
67 84 -18
68 48 -32
68 49 -48
68 50 57
68 51 44
68 52 106
68 53 18
68 54 -47
68 55 46
68 56 40
68 57 80
68 58 -177
68 59 163
68 60 138
68 61 -46
68 62 113
68 63 -65
68 64 1
68 65 87
68 66 -11
68 67 -85
68 68 530
68 69 51
68 70 -151
68 71 140
68 72 -11
68 73 72
68 74 -152
68 75 141
68 76 71
68 77 3
68 78 139
68 79 24
68 80 96
68 81 -78
68 82 -54
68 83 -11
68 84 30
68 85 24
68 87 78
68 88 27
69 54 -24
69 55 18
69 56 8
69 57 -70
69 58 134
69 59 -40
69 60 -22
69 61 184
69 62 -60
69 63 -52
69 64 99
69 65 16
69 66 -211
69 67 22
69 68 51
69 69 516
69 70 45
69 71 -214
69 72 121
69 73 -95
69 74 -281
69 75 -41
69 76 8
69 77 3
69 78 148
69 80 15
69 81 -104
69 82 27
69 83 -44
69 84 -20
69 85 -4
69 87 78
69 88 15
70 50 -81
70 52 -37
70 54 48
70 55 -30
70 56 -18
70 57 20
70 58 -3
70 59 -62
70 60 -112
70 61 142
70 62 -97
70 63 -6
70 64 -59
70 65 28
70 66 -75
70 67 -108
70 68 -151
70 69 45
70 70 601
70 71 -131
70 72 -67
70 73 -47
70 74 93
70 75 -3
70 76 29
70 77 -109
70 78 105
70 79 184
70 80 14
70 81 -88
70 82 -104
70 83 -33
70 84 -170
70 85 -24
70 87 122
70 88 -67
71 52 25
71 54 14
71 55 -26
71 56 64
71 57 -2
71 58 -193
71 59 174
71 60 72
71 61 -161
71 62 -61
71 63 -99
71 64 -9
71 65 -78
71 66 150
71 67 73
71 68 140
71 69 -214
71 70 -131
71 71 504
71 72 50
71 73 152
71 74 -50
71 75 -32
71 76 -46
71 77 137
71 78 -106
71 79 -72
71 80 51
71 81 35
71 82 -33
71 83 55
71 84 30
71 85 -59
71 86 -16
71 87 3
71 88 30
71 89 8
71 90 -8
71 91 18
72 52 50
72 54 36
72 55 -54
72 56 18
72 57 -52
72 58 -11
72 59 105
72 60 -112
72 61 116
72 62 -15
72 63 16
72 64 70
72 65 128
72 66 -94
72 67 -6
72 68 -11
72 69 121
72 70 -67
72 71 50
72 72 497
72 73 60
72 74 -51
72 75 33
72 76 -120
72 77 97
72 78 -143
72 79 49
72 80 -35
72 81 112
72 82 80
72 83 121
72 84 142
72 85 -51
72 87 -113
72 88 120
72 89 -6
72 90 15
72 91 27
72 92 21
73 54 -40
73 55 13
73 56 54
73 57 -36
73 58 -146
73 59 53
73 60 35
73 61 26
73 62 191
73 63 -74
73 64 -63
73 65 -107
73 66 44
73 67 172
73 68 72
73 69 -95
73 70 -47
73 71 152
73 72 60
73 73 738
73 74 42
73 75 15
73 76 246
73 77 314
73 78 -227
73 79 113
73 80 1
73 81 47
73 82 -60
73 83 131
73 84 49
73 85 78
73 86 80
73 87 -84
73 88 -31
73 89 -52
73 90 43
73 91 -111
73 92 -27
73 93 -18
74 55 -6
74 56 -52
74 57 67
74 58 91
74 59 -89
74 60 -96
74 61 -63
74 62 50
74 63 151
74 64 -29
74 65 -13
74 66 136
74 67 12
74 68 -152
74 69 -281
74 70 93
74 71 -50
74 72 -51
74 73 42
74 74 631
74 75 -160
74 76 110
74 77 222
74 78 -112
74 79 -23
74 80 -47
74 81 191
74 82 -146
74 83 105
74 84 33
74 85 -33
74 86 -6
74 87 -61
74 88 15
74 89 -2
74 90 36
74 91 93
74 92 77
74 93 28
74 94 -1
75 56 30
75 57 21
75 58 -55
75 59 52
75 60 7
75 61 38
75 62 142
75 63 43
75 64 -161
75 65 60
75 66 23
75 67 -34
75 68 141
75 69 -41
75 70 -3
75 71 -32
75 72 33
75 73 15
75 74 -160
75 75 477
75 76 6
75 77 -128
75 78 68
75 79 177
75 80 53
75 81 5
75 82 -54
75 83 -77
75 84 192
75 85 36
75 86 7
75 87 -6
75 88 116
75 89 -21
75 90 56
75 91 -26
75 92 2
75 93 -94
75 94 7
75 95 -45
76 58 45
76 59 9
76 60 27
76 61 -63
76 62 54
76 63 36
76 64 26
76 65 -72
76 66 -55
76 67 -37
76 68 71
76 69 8
76 70 29
76 71 -46
76 72 -120
76 73 246
76 74 110
76 75 6
76 76 547
76 77 247
76 78 -43
76 79 30
76 80 -67
76 81 4
76 82 -63
76 83 38
76 84 15
76 85 30
76 86 80
76 87 -20
76 88 -38
76 89 -8
76 90 32
76 91 -34
76 92 72
76 93 48
77 58 45
77 59 -9
77 60 45
77 62 63
77 63 72
77 64 -15
77 65 -63
77 66 54
77 67 129
77 68 3
77 69 3
77 70 -109
77 71 137
77 72 97
77 73 314
77 74 222
77 75 -128
77 76 247
77 77 681
77 78 -328
77 79 14
77 80 41
77 81 168
77 82 -103
77 83 263
77 84 128
77 85 -62
77 86 78
77 87 4
77 88 -19
77 89 -22
77 90 5
77 91 161
77 92 187
77 93 -10
77 94 -16
77 95 72
77 96 6
77 97 -6
78 58 -5
78 59 1
78 60 11
78 61 -16
78 62 -147
78 63 -56
78 64 55
78 65 67
78 66 -34
78 67 -115
78 68 139
78 69 148
78 70 105
78 71 -106
78 72 -143
78 73 -227
78 74 -112
78 75 68
78 76 -43
78 77 -328
78 78 638
78 79 -110
78 80 58
78 81 -180
78 82 -6
78 83 -138
78 84 123
78 85 132
78 86 -4
78 87 -1
78 88 43
78 89 -41
78 90 41
78 91 38
78 92 56
78 93 34
78 94 42
78 95 -36
78 96 12
78 97 30
79 59 -8
79 60 -8
79 61 77
79 62 113
79 63 4
79 64 -67
79 65 -16
79 66 -130
79 67 -33
79 68 24
79 70 184
79 71 -72
79 72 49
79 73 113
79 74 -23
79 75 177
79 76 30
79 77 14
79 78 -110
79 79 705
79 80 230
79 81 -109
79 82 10
79 83 166
79 84 -39
79 85 8
79 86 34
79 87 49
79 88 49
79 89 -27
79 90 -107
79 91 113
79 92 27
79 93 104
79 94 113
79 95 84
79 96 -24
79 97 30
80 60 -10
80 61 4
80 62 52
80 63 8
80 64 -98
80 65 -53
80 66 28
80 67 147
80 68 96
80 69 15
80 70 14
80 71 51
80 72 -35
80 73 1
80 74 -47
80 75 53
80 76 -67
80 77 41
80 78 58
80 79 230
80 80 480
80 81 -108
80 82 58
80 83 138
80 84 -93
80 85 142
80 86 42
80 87 72
80 88 47
80 89 -6
80 90 -79
80 91 65
80 92 101
80 93 42
80 94 114
80 95 38
80 96 -76
80 97 12
80 98 30
81 61 -6
81 62 -18
81 63 -8
81 64 12
81 65 -12
81 68 -78
81 69 -104
81 70 -88
81 71 35
81 72 112
81 73 47
81 74 191
81 75 5
81 76 4
81 77 168
81 78 -180
81 79 -109
81 80 -108
81 81 523
81 82 -91
81 83 -3
81 84 47
81 85 41
81 86 -97
81 87 -58
81 88 37
81 89 81
81 90 32
81 91 -14
81 92 1
81 93 51
81 94 -31
81 95 -39
81 96 25
81 97 -42
81 98 20
81 99 30
82 62 50
82 63 40
82 64 65
82 65 10
82 66 90
82 67 18
82 68 -54
82 69 27
82 70 -104
82 71 -33
82 72 80
82 73 -60
82 74 -146
82 75 -54
82 76 -63
82 77 -103
82 78 -6
82 79 10
82 80 58
82 81 -91
82 82 693
82 83 161
82 84 -91
82 85 -75
82 86 26
82 87 -224
82 88 52
82 89 147
82 90 -212
82 91 98
82 92 89
82 93 245
82 94 208
82 95 -20
82 96 -174
82 97 83
82 98 -43
82 99 70
83 64 -20
83 66 40
83 67 61
83 68 -11
83 69 -44
83 70 -33
83 71 55
83 72 121
83 73 131
83 74 105
83 75 -77
83 76 38
83 77 263
83 78 -138
83 79 166
83 80 138
83 81 -3
83 82 161
83 83 525
83 84 113
83 85 -39
83 86 40
83 87 -53
83 88 113
83 89 62
83 90 -38
83 91 116
83 92 169
83 93 89
83 94 179
83 95 10
83 96 -62
83 97 -22
83 98 57
83 99 -20
84 66 -16
84 67 -18
84 68 30
84 69 -20
84 70 -170
84 71 30
84 72 142
84 73 49
84 74 33
84 75 192
84 76 15
84 77 128
84 78 123
84 79 -39
84 80 -93
84 81 47
84 82 -91
84 83 113
84 84 602
84 85 -53
84 86 36
84 87 -235
84 88 125
84 89 -40
84 90 185
84 91 180
84 92 147
84 93 -9
84 94 -41
84 95 -20
84 96 79
84 97 14
84 98 -90
84 99 -47
85 68 24
85 69 -4
85 70 -24
85 71 -59
85 72 -51
85 73 78
85 74 -33
85 75 36
85 76 30
85 77 -62
85 78 132
85 79 8
85 80 142
85 81 41
85 82 -75
85 83 -39
85 84 -53
85 85 506
85 86 44
85 87 263
85 88 -186
85 89 -51
85 90 -126
85 91 -90
85 92 -37
85 93 47
85 94 129
85 95 119
85 96 150
85 97 -71
85 98 3
85 99 -170
86 71 -16
86 73 80
86 74 -6
86 75 7
86 76 80
86 77 78
86 78 -4
86 79 34
86 80 42
86 81 -97
86 82 26
86 83 40
86 84 36
86 85 44
86 86 230
86 87 -67
86 88 -31
86 89 -97
86 90 -18
86 91 -60
86 92 120
86 93 -18
86 94 17
86 95 92
86 96 -71
86 97 42
86 98 -95
86 99 -17
87 68 78
87 69 78
87 70 122
87 71 3
87 72 -113
87 73 -84
87 74 -61
87 75 -6
87 76 -20
87 77 4
87 78 -1
87 79 49
87 80 72
87 81 -58
87 82 -224
87 83 -53
87 84 -235
87 85 263
87 86 -67
87 87 674
87 88 -278
87 89 -11
87 90 -82
87 91 -69
87 92 -112
87 93 -146
87 94 49
87 95 87
87 96 147
87 97 -154
87 98 -1
87 99 -131
88 68 27
88 69 15
88 70 -67
88 71 30
88 72 120
88 73 -31
88 74 15
88 75 116
88 76 -38
88 77 -19
88 78 43
88 79 49
88 80 47
88 81 37
88 82 52
88 83 113
88 84 125
88 85 -186
88 86 -31
88 87 -278
88 88 564
88 89 28
88 90 78
88 91 -33
88 92 1
88 93 -14
88 94 6
88 95 -133
88 96 -179
88 97 5
88 98 133
88 99 18
89 71 8
89 72 -6
89 73 -52
89 74 -2
89 75 -21
89 76 -8
89 77 -22
89 78 -41
89 79 -27
89 80 -6
89 81 81
89 82 147
89 83 62
89 84 -40
89 85 -51
89 86 -97
89 87 -11
89 88 28
89 89 190
89 90 -74
89 91 60
89 92 -48
89 93 152
89 94 123
89 95 -57
89 96 -95
89 97 -1
89 98 -41
89 99 -13
90 71 -8
90 72 15
90 73 43
90 74 36
90 75 56
90 76 32
90 77 5
90 78 41
90 79 -107
90 80 -79
90 81 32
90 82 -212
90 83 -38
90 84 185
90 85 -126
90 86 -18
90 87 -82
90 88 78
90 89 -74
90 90 509
90 91 -50
90 92 39
90 93 -106
90 94 -226
90 95 24
90 96 122
90 97 -103
90 98 20
90 99 58
91 71 18
91 72 27
91 73 -111
91 74 93
91 75 -26
91 76 -34
91 77 161
91 78 38
91 79 113
91 80 65
91 81 -14
91 82 98
91 83 116
91 84 180
91 85 -90
91 86 -60
91 87 -69
91 88 -33
91 89 60
91 90 -50
91 91 763
91 92 109
91 93 144
91 94 -141
91 95 61
91 96 119
91 97 -84
91 98 -25
91 99 -200
92 72 21
92 73 -27
92 74 77
92 75 2
92 76 72
92 77 187
92 78 56
92 79 27
92 80 101
92 81 1
92 82 89
92 83 169
92 84 147
92 85 -37
92 86 120
92 87 -112
92 88 1
92 89 -48
92 90 39
92 91 109
92 92 522
92 93 22
92 94 169
92 95 62
92 96 -114
92 97 9
92 98 28
92 99 126
93 73 -18
93 74 28
93 75 -94
93 76 48
93 77 -10
93 78 34
93 79 104
93 80 42
93 81 51
93 82 245
93 83 89
93 84 -9
93 85 47
93 86 -18
93 87 -146
93 88 -14
93 89 152
93 90 -106
93 91 144
93 92 22
93 93 508
93 94 201
93 95 97
93 96 -46
93 97 87
93 98 -150
93 99 -50
94 74 -1
94 75 7
94 77 -16
94 78 42
94 79 113
94 80 114
94 81 -31
94 82 208
94 83 179
94 84 -41
94 85 129
94 86 17
94 87 49
94 88 6
94 89 123
94 90 -226
94 91 -141
94 92 169
94 93 201
94 94 513
94 95 -17
94 96 -228
94 97 111
94 98 -55
94 99 73
95 75 -45
95 77 72
95 78 -36
95 79 84
95 80 38
95 81 -39
95 82 -20
95 83 10
95 84 -20
95 85 119
95 86 92
95 87 87
95 88 -133
95 89 -57
95 90 24
95 91 61
95 92 62
95 93 97
95 94 -17
95 95 337
95 96 90
95 97 -27
95 98 -14
95 99 -50
96 77 6
96 78 12
96 79 -24
96 80 -76
96 81 25
96 82 -174
96 83 -62
96 84 79
96 85 150
96 86 -71
96 87 147
96 88 -179
96 89 -95
96 90 122
96 91 119
96 92 -114
96 93 -46
96 94 -228
96 95 90
96 96 489
96 97 -72
96 98 138
96 99 -145
97 77 -6
97 78 30
97 79 30
97 80 12
97 81 -42
97 82 83
97 83 -22
97 84 14
97 85 -71
97 86 42
97 87 -154
97 88 5
97 89 -1
97 90 -103
97 91 -84
97 92 9
97 93 87
97 94 111
97 95 -27
97 96 -72
97 97 204
97 98 -50
97 99 117
98 80 30
98 81 20
98 82 -43
98 83 57
98 84 -90
98 85 3
98 86 -95
98 87 -1
98 88 133
98 89 -41
98 90 20
98 91 -25
98 92 28
98 93 -150
98 94 -55
98 95 -14
98 96 138
98 97 -50
98 98 352
98 99 49
99 81 30
99 82 70
99 83 -20
99 84 -47
99 85 -170
99 86 -17
99 87 -131
99 88 18
99 89 -13
99 90 58
99 91 -200
99 92 126
99 93 -50
99 94 73
99 95 -50
99 96 -145
99 97 117
99 98 49
99 99 298
