0 0 633
0 1 91
0 2 -1
0 3 -85
0 4 -18
0 5 -17
0 6 -118
0 7 -4
0 9 -8
0 10 -50
0 11 -11
0 12 94
0 13 -47
0 14 -42
0 15 -28
0 16 -113
0 17 -40
0 18 -161
0 19 -23
0 20 -78
0 21 5
0 22 14
0 23 -30
0 24 40
0 25 80
0 26 -7
0 27 167
0 28 15
0 29 -42
0 30 -5
0 31 26
0 32 -69
0 33 -10
0 34 60
0 35 34
0 36 99
0 37 61
0 38 -50
0 39 128
0 40 105
0 41 -20
0 43 25
0 44 35
0 45 -57
0 46 46
0 47 -20
0 48 115
0 49 -47
0 50 -93
0 51 -10
0 52 -3
0 53 -56
0 54 -11
0 55 14
0 56 -2
0 57 110
0 58 109
0 59 42
0 60 -28
0 61 -239
0 62 119
0 63 -33
0 64 67
0 65 78
0 66 -24
0 67 -23
0 68 -10
0 69 -10
0 70 -73
0 71 -84
0 72 31
0 73 -11
0 74 -16
0 75 104
0 76 27
0 77 -12
0 78 75
0 79 -55
0 80 -34
0 81 74
0 82 44
0 83 33
0 84 -60
0 85 -52
0 86 -25
0 87 -45
0 88 -35
0 89 19
0 90 28
0 91 -20
0 92 58
0 93 130
0 95 -71
0 96 8
0 97 71
0 98 104
0 99 59
1 0 91
1 1 891
1 2 -9
1 4 142
1 5 -96
1 6 48
1 7 -49
1 8 91
1 9 64
1 10 44
1 11 -96
1 13 -173
1 14 21
1 15 44
1 16 -94
1 17 42
1 18 -102
1 19 -27
1 20 -109
1 21 -11
1 22 -62
1 23 5
1 24 -95
1 25 -63
1 26 40
1 27 73
1 28 20
1 29 -60
1 30 -53
1 31 19
1 32 -115
1 33 128
1 34 37
1 35 -135
1 36 -16
1 37 3
1 38 -100
1 39 -47
1 40 60
1 41 101
1 42 72
1 43 49
1 44 -14
1 45 -12
1 46 112
1 47 80
1 48 -70
1 49 56
1 50 -70
1 51 97
1 52 -59
1 53 19
1 54 112
1 55 15
1 57 141
1 58 -92
1 59 -15
1 60 -46
1 61 -63
1 62 -36
1 63 106
1 64 -3
1 65 35
1 66 -31
1 67 37
1 69 37
1 70 26
1 72 -56
1 73 121
1 74 -43
1 75 -44
1 76 69
1 77 -48
1 78 -7
1 79 -12
1 80 -52
1 81 -30
1 82 -75
1 83 52
1 84 69
1 85 -46
1 86 -65
1 87 53
1 88 164
1 89 -35
1 90 175
1 91 -105
1 92 -11
1 93 92
1 95 70
1 96 9
1 97 49
1 98 28
1 99 -30
2 0 -1
2 1 -9
2 2 502
2 3 -87
2 4 -51
2 5 90
2 6 -99
2 7 -22
2 8 89
2 9 -37
2 10 60
2 11 32
2 12 33
2 13 57
2 14 -103
2 15 -8
2 16 -57
2 17 -65
2 18 69
2 19 -8
2 20 62
2 21 10
2 22 49
2 23 51
2 24 -71
2 25 61
2 26 16
2 27 -110
2 28 -67
2 29 30
2 30 -8
2 31 108
2 32 -9
2 33 -22
2 34 -7
2 35 -3
2 36 53
2 37 10
2 38 -48
2 39 -76
2 40 -43
2 41 48
2 42 -37
2 43 -8
2 46 65
2 47 -11
2 48 45
2 49 61
2 50 -120
2 51 -90
2 52 28
2 53 61
2 54 80
2 55 105
2 56 -27
2 57 -105
2 58 -40
2 59 8
2 60 -17
2 61 53
2 62 47
2 63 -46
2 64 -146
2 65 -14
2 66 40
2 67 -64
2 68 101
2 69 89
2 70 45
2 71 -140
2 72 73
2 73 -27
2 74 40
2 75 6
2 76 -6
2 77 -97
2 78 63
2 79 -69
2 80 -21
2 81 14
2 82 151
2 83 -165
2 84 -72
2 85 -7
2 86 -10
2 87 -14
2 88 21
2 89 33
2 90 -43
2 91 -75
2 92 24
2 93 -80
2 94 -61
2 95 -35
2 96 83
2 97 59
2 98 44
2 99 -27
3 0 -85
3 2 -87
3 3 627
3 4 21
3 5 -14
3 6 -74
3 7 3
3 8 52
3 9 -32
3 11 -89
3 12 -105
3 13 -20
3 14 48
3 15 90
3 16 -7
3 17 31
3 18 39
3 19 -28
3 20 -190
3 21 95
3 22 18
3 23 41
3 24 -22
3 25 -81
3 26 10
3 27 -1
3 28 153
3 29 30
3 30 -37
3 31 -10
3 32 -30
3 33 56
3 34 -70
3 36 -143
3 37 4
3 38 54
3 39 119
3 40 -72
3 41 -32
3 42 71
3 43 -27
3 44 -36
3 45 -57
3 46 -96
3 47 -9
3 48 -80
3 49 -6
3 50 136
3 51 -80
3 52 14
3 53 -12
3 54 72
3 55 60
3 56 -60
3 57 -44
3 59 -41
3 60 145
3 61 112
3 62 -9
3 63 -109
3 64 -148
3 65 20
3 67 -142
3 68 4
3 69 -16
3 70 3
3 71 100
3 72 61
3 73 -1
3 74 5
3 75 -89
3 77 82
3 78 -8
3 79 91
3 80 10
3 81 -15
3 82 58
3 83 90
3 84 -64
3 85 -77
3 86 -84
3 87 27
3 89 -32
3 90 -30
3 91 99
3 93 82
3 94 21
3 95 15
3 96 -53
3 97 -10
3 98 -62
3 99 -98
4 0 -18
4 1 142
4 2 -51
4 3 21
4 4 566
4 5 -72
4 6 -93
4 7 -45
4 8 6
4 9 30
4 10 -30
4 11 -52
4 12 -32
4 13 114
4 14 98
4 15 -94
4 16 -91
4 17 9
4 18 -130
4 19 -73
4 20 28
4 21 103
4 22 -44
4 23 70
4 24 -31
4 25 -63
4 26 -60
4 27 46
4 28 25
4 29 -57
4 30 18
4 31 -42
4 32 37
4 33 105
4 34 -44
4 35 -155
4 36 -79
4 37 22
4 38 20
4 39 -4
4 40 15
4 42 -5
4 43 45
4 44 -3
4 46 45
4 47 18
4 48 2
4 49 62
4 50 40
4 51 8
4 52 17
4 53 -64
4 54 -45
4 55 -19
4 56 -63
4 57 41
4 58 -38
4 59 -27
4 60 -16
4 61 66
4 62 -23
4 63 -24
4 64 57
4 65 75
4 66 41
4 67 -58
4 68 -118
4 69 48
4 70 29
4 71 52
4 72 -33
4 73 38
4 74 -50
4 75 -72
4 76 -61
4 77 -202
4 78 -40
4 79 20
4 80 111
4 81 16
4 82 -3
4 83 -23
4 84 25
4 85 -68
4 86 24
4 87 -25
4 88 26
4 89 36
4 90 63
4 91 -7
4 92 -4
4 93 -14
4 95 47
4 96 68
4 98 29
4 99 -7
5 0 -17
5 1 -96
5 2 90
5 3 -14
5 4 -72
5 5 980
5 6 -89
5 7 58
5 8 31
5 9 3
5 10 -44
5 11 122
5 12 36
5 13 -108
5 14 -147
5 15 -42
5 16 64
5 17 -30
5 18 -58
5 19 107
5 20 34
5 21 28
5 22 -90
5 23 80
5 24 -61
5 25 44
5 26 -97
5 27 -109
5 28 -72
5 29 -17
5 30 30
5 31 38
5 32 -19
5 33 47
5 34 -48
5 35 1
5 36 134
5 37 70
5 38 -67
5 39 180
5 40 -28
5 41 54
5 42 16
5 43 93
5 44 -63
5 45 24
5 46 -2
5 47 -6
5 48 21
5 49 -38
5 50 30
5 51 8
5 52 138
5 53 26
5 54 158
5 55 85
5 56 180
5 57 -139
5 58 39
5 59 76
5 60 -15
5 61 -6
5 62 52
5 63 -296
5 64 -184
5 65 -127
5 66 -25
5 67 94
5 68 -28
5 69 185
5 70 13
5 71 -86
5 72 -36
5 73 166
5 74 95
5 75 45
5 76 -82
5 77 -15
5 78 46
5 79 36
5 80 -44
5 81 -34
5 82 -86
5 83 -22
5 84 -90
5 85 37
5 86 -14
5 87 -54
5 88 -157
5 89 -8
5 90 8
5 91 47
5 92 50
5 93 22
5 94 88
5 95 -61
5 96 -62
5 97 -3
5 98 58
5 99 136
6 0 -118
6 1 48
6 2 -99
6 3 -74
6 4 -93
6 5 -89
6 6 956
6 7 -14
6 8 -82
6 9 17
6 10 33
6 11 14
6 12 162
6 13 143
6 14 21
6 15 -50
6 16 29
6 17 -116
6 18 98
6 19 35
6 20 91
6 22 19
6 23 -29
6 24 141
6 25 -18
6 26 31
6 27 56
6 28 38
6 29 31
6 30 1
6 31 3
6 32 29
6 33 -67
6 34 -21
6 35 -19
6 36 -154
6 37 -53
6 38 103
6 39 -43
6 40 -6
6 41 64
6 42 107
6 43 26
6 44 80
6 45 64
6 46 48
6 47 22
6 48 -69
6 49 -70
6 50 -42
6 52 -16
6 53 49
6 54 -73
6 55 82
6 56 -104
6 57 174
6 58 -78
6 59 -158
6 60 61
6 61 147
6 62 134
6 63 -20
6 64 -76
6 65 12
6 66 138
6 67 -50
6 68 -67
6 69 -4
6 70 -97
6 71 60
6 72 27
6 73 21
6 74 16
6 75 17
6 76 77
6 77 -16
6 78 -63
6 79 -3
6 80 -127
6 81 -109
6 82 168
6 83 81
6 84 53
6 85 -22
6 86 -1
6 87 81
6 88 100
6 89 -122
6 90 115
6 91 -131
6 92 -60
6 93 -4
6 94 29
6 95 -24
6 96 -20
6 97 -6
6 98 11
6 99 -12
7 0 -4
7 1 -49
7 2 -22
7 3 3
7 4 -45
7 5 58
7 6 -14
7 7 692
7 8 73
7 9 13
7 10 -34
7 11 -1
7 12 -31
7 13 35
7 14 -37
7 15 -50
7 16 44
7 17 -6
7 18 115
7 19 62
7 20 4
7 21 25
7 22 38
7 23 65
7 24 -30
7 25 132
7 26 92
7 27 29
7 28 23
7 29 44
7 30 -9
7 31 -54
7 33 -89
7 34 -8
7 35 30
7 36 3
7 37 -16
7 38 58
7 39 53
7 40 68
7 41 72
7 42 106
7 43 -125
7 44 38
7 45 18
7 46 -102
7 47 11
7 48 24
7 49 -96
7 50 14
7 51 -2
7 52 149
7 53 -76
7 54 77
7 55 160
7 56 -8
7 57 4
7 58 -69
7 59 -122
7 60 54
7 61 83
7 62 7
7 63 -45
7 64 58
7 65 -38
7 67 11
7 68 107
7 69 -40
7 70 -18
7 71 -61
7 72 -102
7 73 -12
7 74 -22
7 75 50
7 76 -15
7 77 24
7 78 15
7 79 21
7 80 6
7 81 7
7 82 -16
7 83 -96
7 84 -44
7 85 40
7 86 -74
7 87 32
7 88 -58
7 89 78
7 90 -148
7 91 84
7 92 -28
7 93 2
7 94 45
7 95 -58
7 96 27
7 97 12
7 98 60
7 99 -50
8 1 91
8 2 89
8 3 52
8 4 6
8 5 31
8 6 -82
8 7 73
8 8 739
8 9 1
8 10 38
8 11 -5
8 12 -47
8 13 35
8 14 -213
8 15 -6
8 16 5
8 17 80
8 18 -29
8 19 11
8 20 60
8 21 104
8 22 13
8 23 -65
8 24 -131
8 25 -29
8 26 36
8 27 -120
8 28 35
8 29 -23
8 30 -52
8 31 122
8 32 -98
8 33 33
8 34 19
8 35 -48
8 36 -19
8 37 20
8 39 60
8 40 -55
8 41 64
8 42 -114
8 43 -94
8 44 -38
8 45 11
8 46 -49
8 47 1
8 48 105
8 49 24
8 50 12
8 51 30
8 52 -42
8 53 -171
8 54 -56
8 55 -52
8 56 -36
8 57 76
8 58 88
8 59 121
8 60 -96
8 61 96
8 62 -5
8 63 43
8 64 11
8 65 -60
8 66 -56
8 67 48
8 68 94
8 69 -5
8 70 12
8 71 5
8 72 -43
8 73 20
8 74 184
8 75 -54
8 77 134
8 78 34
8 79 54
8 80 -15
8 81 -99
8 82 63
8 83 -35
8 84 13
8 85 -24
8 86 -1
8 87 115
8 88 26
8 89 120
8 90 -34
8 91 -8
8 92 32
8 93 82
8 94 -113
8 95 31
8 96 66
8 97 69
8 98 27
9 0 -8
9 1 64
9 2 -37
9 3 -32
9 4 30
9 5 3
9 6 17
9 7 13
9 8 1
9 9 602
9 10 64
9 11 144
9 12 -86
9 13 -190
9 14 -50
9 15 -36
9 16 -23
9 17 -3
9 18 -112
9 19 16
9 20 11
9 21 81
9 22 -16
9 23 19
9 24 -59
9 25 58
9 26 35
9 27 17
9 28 95
9 29 -49
9 30 49
9 31 -11
9 32 64
9 33 -94
9 34 -48
9 35 59
9 36 -78
9 37 24
9 38 121
9 39 121
9 40 35
9 41 68
9 42 6
9 43 46
9 44 26
9 46 60
9 47 29
9 48 46
9 49 -2
9 50 57
9 51 -10
9 52 96
9 53 26
9 54 -70
9 55 -39
9 56 33
9 57 22
9 58 -72
9 59 -101
9 60 -81
9 61 -39
9 62 9
9 63 -69
9 64 76
9 65 96
9 66 29
9 67 16
9 68 -39
9 69 -20
9 70 -99
9 71 -78
9 72 -156
9 73 56
9 74 119
9 75 65
9 76 -28
9 77 10
9 78 47
9 79 76
9 80 -174
9 81 -4
9 82 -120
9 83 49
9 84 59
9 86 79
9 87 -51
9 89 4
9 90 42
9 91 4
9 92 61
9 93 2
9 94 -59
9 95 98
9 96 74
9 97 81
9 98 47
9 99 -13
10 0 -50
10 1 44
10 2 60
10 4 -30
10 5 -44
10 6 33
10 7 -34
10 8 38
10 9 64
10 10 470
10 12 72
10 13 52
10 14 40
10 15 48
10 16 -76
10 17 36
10 18 13
10 19 -74
10 21 72
10 22 -118
10 23 33
10 25 5
10 26 101
10 27 -31
10 28 91
10 29 -17
10 30 -14
10 31 29
10 32 -86
10 33 31
10 34 14
10 35 81
10 36 30
10 37 -3
10 38 -72
10 39 16
10 40 15
10 41 58
10 42 -58
10 43 21
10 44 16
10 46 35
10 47 8
10 48 6
10 49 -3
10 50 -25
10 51 29
10 52 -87
10 53 14
10 54 -2
10 55 -40
10 56 54
10 57 50
10 58 -16
10 60 -49
10 61 -27
10 62 -25
10 63 53
10 64 32
10 66 -18
10 67 15
10 68 69
10 71 -39
10 72 22
10 73 -64
10 74 46
10 75 -60
10 76 -9
10 77 96
10 78 -32
10 79 105
10 80 13
10 81 27
10 82 -12
10 83 10
10 84 -7
10 85 -64
10 86 -25
10 87 -31
10 88 112
10 89 -10
10 90 2
10 92 35
10 93 -101
10 94 -5
10 95 1
10 96 -19
10 97 47
10 98 10
10 99 -56
11 0 -11
11 1 -96
11 2 32
11 3 -89
11 4 -52
11 5 122
11 6 14
11 7 -1
11 8 -5
11 9 144
11 11 540
11 12 38
11 13 -99
11 14 2
11 15 -42
11 16 -62
11 17 -100
11 19 -38
11 20 89
11 21 50
11 22 73
11 23 21
11 24 -60
11 25 6
11 26 -47
11 27 -123
11 28 19
11 29 28
11 30 21
11 31 54
11 32 -28
11 33 -98
11 34 -138
11 35 36
11 36 5
11 37 35
11 38 -2
11 39 53
11 40 -89
11 41 34
11 42 79
11 43 -66
11 44 -19
11 45 12
11 46 31
11 47 53
11 48 33
11 49 24
11 50 -52
11 51 -60
11 52 77
11 53 -60
11 54 79
11 55 -67
11 56 95
11 57 -69
11 59 -29
11 60 4
11 61 -17
11 62 25
11 63 -73
11 64 -68
11 65 -96
11 66 8
11 67 40
11 68 -146
11 69 -32
11 70 -42
11 71 -43
11 72 58
11 73 13
11 74 70
11 75 96
11 76 -107
11 77 -1
11 78 -61
11 79 -87
11 80 -53
11 81 -22
11 82 23
11 83 -36
11 84 -53
11 85 63
11 86 99
11 87 -70
11 88 25
11 89 25
11 90 76
11 91 -56
11 92 24
11 93 -136
11 94 62
11 95 108
11 96 26
11 97 -59
11 98 -8
11 99 -87
12 0 94
12 2 33
12 3 -105
12 4 -32
12 5 36
12 6 162
12 7 -31
12 8 -47
12 9 -86
12 10 72
12 11 38
12 12 1068
12 13 92
12 14 42
12 15 -150
12 16 38
12 17 -33
12 18 90
12 19 59
12 20 43
12 21 -102
12 22 -80
12 23 18
12 24 47
12 25 -73
12 26 193
12 27 -155
12 28 44
12 29 15
12 30 24
12 31 -30
12 32 46
12 33 -47
12 34 -102
12 35 71
12 36 86
12 37 24
12 38 -81
12 39 29
12 40 -24
12 41 -148
12 42 -134
12 43 -82
12 44 -8
12 45 86
12 46 47
12 47 16
12 48 83
12 50 -61
12 51 -99
12 52 -64
12 53 109
12 54 -151
12 55 -64
12 56 -96
12 57 -16
12 58 15
12 59 12
12 60 -153
12 61 12
12 62 84
12 63 -236
12 64 86
12 65 -12
12 66 70
12 67 24
12 68 59
12 69 -109
12 70 -90
12 71 -24
12 72 76
12 73 -115
12 74 -119
12 75 36
12 76 -111
12 77 167
12 78 16
12 79 -98
12 80 39
12 81 21
12 82 161
12 83 127
12 84 -70
12 85 -18
12 86 -76
12 87 -35
12 88 103
12 89 64
12 90 -4
12 91 -8
12 92 52
12 93 -119
12 94 109
12 95 71
12 96 -28
12 97 -4
12 98 -74
12 99 -4
13 0 -47
13 1 -173
13 2 57
13 3 -20
13 4 114
13 5 -108
13 6 143
13 7 35
13 8 35
13 9 -190
13 10 52
13 11 -99
13 12 92
13 13 779
13 14 -76
13 15 -52
13 16 45
13 17 -118
13 18 75
13 19 -42
13 20 35
13 21 2
13 22 16
13 23 -39
13 24 129
13 25 82
13 26 26
13 27 4
13 28 15
13 29 4
13 30 64
13 31 -43
13 32 108
13 33 79
13 34 -45
13 35 -59
13 36 -183
13 37 59
13 38 3
13 39 -58
13 40 14
13 41 35
13 42 -28
13 43 -13
13 44 32
13 45 34
13 47 -104
13 48 -42
13 49 -3
13 50 65
13 51 -44
13 52 -107
13 53 -69
13 54 -147
13 55 -50
13 56 -73
13 57 -1
13 58 -70
13 59 84
13 60 14
13 61 38
13 62 94
13 63 36
13 64 -53
13 65 -5
13 66 154
13 67 -80
13 68 153
13 69 5
13 70 -70
13 71 52
13 72 12
13 73 -22
13 74 -4
13 75 -96
13 76 28
13 77 10
13 78 97
13 79 55
13 80 129
13 81 -4
13 82 223
13 83 -8
13 84 -143
13 85 48
13 86 33
13 87 67
13 88 -72
13 89 3
13 90 -91
13 91 -5
13 92 14
13 93 -68
13 94 62
13 95 -170
13 96 11
13 97 30
13 98 -188
13 99 73
14 0 -42
14 1 21
14 2 -103
14 3 48
14 4 98
14 5 -147
14 6 21
14 7 -37
14 8 -213
14 9 -50
14 10 40
14 11 2
14 12 42
14 13 -76
14 14 978
14 15 -8
14 16 -13
14 17 -82
14 18 -14
14 19 3
14 20 69
14 21 6
14 22 -30
14 23 57
14 24 99
14 25 -20
14 26 -9
14 27 36
14 28 -35
14 29 28
14 30 -139
14 31 -11
14 32 -219
14 33 63
14 34 -3
14 35 22
14 36 -25
14 37 -184
14 38 -7
14 39 -12
14 40 -125
14 41 -46
14 42 -9
14 43 31
14 44 -64
14 45 -4
14 46 37
14 47 44
14 48 -77
14 49 -86
14 50 -50
14 51 -16
14 52 -79
14 53 -69
14 54 4
14 55 -98
14 56 -41
14 57 9
14 58 150
14 59 -81
14 60 5
14 61 74
14 62 -137
14 63 -19
14 64 32
14 65 29
14 66 39
14 68 -29
14 69 63
14 70 76
14 71 -31
14 72 -167
14 73 -80
14 74 -188
14 76 115
14 77 -84
14 78 -71
14 79 2
14 80 25
14 81 6
14 82 -8
14 83 -30
14 84 -6
14 85 -30
14 86 77
14 87 -39
14 88 -78
14 89 -40
14 90 18
14 91 -30
14 92 16
14 93 -28
14 94 65
14 95 16
14 96 -53
14 97 -28
14 98 -46
14 99 -17
15 0 -28
15 1 44
15 2 -8
15 3 90
15 4 -94
15 5 -42
15 6 -50
15 7 -50
15 8 -6
15 9 -36
15 10 48
15 11 -42
15 12 -150
15 13 -52
15 14 -8
15 15 837
15 16 -107
15 17 22
15 18 149
15 19 -80
15 20 165
15 21 -70
15 22 -16
15 23 192
15 24 -67
15 25 -142
15 26 -4
15 27 -13
15 28 60
15 29 81
15 30 -21
15 31 4
15 32 -29
15 33 82
15 34 182
15 35 -6
15 36 -123
15 37 -39
15 38 46
15 39 -54
15 40 5
15 41 13
15 42 -54
15 43 90
15 44 58
15 45 -15
15 46 55
15 47 -45
15 48 -140
15 49 14
15 50 12
15 51 -28
15 52 -83
15 53 51
15 54 -39
15 55 32
15 56 -40
15 57 86
15 58 68
15 59 31
15 60 -121
15 61 19
15 62 -48
15 63 -18
15 64 23
15 65 -138
15 66 -34
15 67 40
15 68 58
15 69 59
15 70 29
15 71 -46
15 72 -19
15 73 -63
15 74 -41
15 75 -69
15 76 28
15 77 -51
15 78 -2
15 79 -13
15 80 121
15 81 -63
15 82 13
15 83 -20
15 84 34
15 85 -16
15 86 2
15 87 1
15 88 -59
15 89 -118
15 90 -68
15 91 -72
15 92 -17
15 93 -28
15 94 -121
15 95 79
15 96 -63
15 97 40
15 98 48
15 99 -68
16 0 -113
16 1 -94
16 2 -57
16 3 -7
16 4 -91
16 5 64
16 6 29
16 7 44
16 8 5
16 9 -23
16 10 -76
16 11 -62
16 12 38
16 13 45
16 14 -13
16 15 -107
16 16 740
16 17 135
16 18 260
16 19 108
16 20 -175
16 21 -68
16 22 -85
16 23 -52
16 24 -41
16 25 20
16 26 -14
16 27 -49
16 28 -114
16 29 -47
16 30 -119
16 31 -45
16 32 129
16 33 12
16 34 19
16 35 -13
16 36 106
16 37 77
16 38 113
16 39 112
16 40 -1
16 41 42
16 42 -8
16 43 25
16 44 125
16 45 -4
16 46 94
16 47 137
16 48 30
16 49 -16
16 50 130
16 51 75
16 52 -12
16 53 -13
16 54 -143
16 55 -31
16 56 19
16 57 -31
16 58 -47
16 59 154
16 60 -36
16 61 1
16 62 57
16 63 -37
16 64 100
16 65 101
16 66 16
16 67 -4
16 68 70
16 69 117
16 70 71
16 71 25
16 72 13
16 73 189
16 74 115
16 75 23
16 76 44
16 77 116
16 78 4
16 79 39
16 80 -170
16 81 -8
16 82 -10
16 83 -37
16 84 68
16 85 36
16 86 33
16 87 -8
16 88 -40
16 90 -35
16 91 42
16 92 -117
16 93 -17
16 95 -43
16 96 76
16 97 71
16 98 -4
16 99 106
17 0 -40
17 1 42
17 2 -65
17 3 31
17 4 9
17 5 -30
17 6 -116
17 7 -6
17 8 80
17 9 -3
17 10 36
17 11 -100
17 12 -33
17 13 -118
17 14 -82
17 15 22
17 16 135
17 17 534
17 18 73
17 19 -13
17 20 -13
17 21 -13
17 22 21
17 23 -15
17 24 -138
17 25 5
17 26 18
17 27 23
17 28 -80
17 29 21
17 30 -159
17 31 -97
17 32 44
17 33 11
17 34 13
17 35 21
17 36 -40
17 37 4
17 38 24
17 39 41
17 40 -8
17 41 69
17 42 -58
17 43 -8
17 44 14
17 45 -4
17 46 -127
17 47 11
17 48 70
17 49 26
17 50 144
17 51 126
17 52 -12
17 53 -37
17 54 -12
17 55 43
17 56 20
17 57 -42
17 58 36
17 59 -10
17 60 -92
17 61 -61
17 62 -52
17 63 17
17 64 189
17 65 16
17 66 -145
17 67 111
17 68 -1
17 69 12
17 70 -18
17 71 -10
17 72 137
17 73 4
17 74 15
17 75 -20
17 76 12
17 77 -62
17 78 -108
17 79 -63
17 80 -54
17 81 -47
17 82 -166
17 83 24
17 84 17
17 85 -64
17 86 -53
17 87 -2
17 88 50
17 89 -35
17 90 13
17 91 -14
17 92 69
17 93 19
17 94 -29
17 95 32
17 96 26
17 97 -43
17 98 26
17 99 -104
18 0 -161
18 1 -102
18 2 69
18 3 39
18 4 -130
18 5 -58
18 6 98
18 7 115
18 8 -29
18 9 -112
18 10 13
18 12 90
18 13 75
18 14 -14
18 15 149
18 16 260
18 17 73
18 18 907
18 19 -17
18 20 -6
18 21 -19
18 22 -46
18 23 133
18 24 -35
18 25 -126
18 26 -4
18 27 -35
18 28 42
18 29 54
18 30 -112
18 31 29
18 32 142
18 33 57
18 34 -2
18 35 76
18 36 -14
18 37 24
18 38 164
18 39 83
18 40 -28
18 41 33
18 42 -37
18 43 -52
18 44 74
18 45 58
18 46 -43
18 47 27
18 48 156
18 49 -12
18 50 105
18 51 -46
18 52 -33
18 53 -13
18 54 -179
18 55 69
18 56 29
18 57 103
18 58 -100
18 59 1
18 60 9
18 61 168
18 62 123
18 63 25
18 64 102
18 65 18
18 66 -22
18 67 45
18 68 29
18 69 -52
18 70 -10
18 71 -67
18 72 21
18 73 -66
18 74 59
18 75 -48
18 76 -34
18 77 -26
18 78 36
18 79 -27
18 80 -31
18 81 -22
18 82 36
18 83 80
18 84 11
18 85 4
18 86 -42
18 87 -73
18 88 119
18 89 -24
18 90 -141
18 91 -90
18 92 -59
18 93 -72
18 94 -17
18 95 56
18 96 -36
18 97 -50
18 98 -27
18 99 -52
19 0 -23
19 1 -27
19 2 -8
19 3 -28
19 4 -73
19 5 107
19 6 35
19 7 62
19 8 11
19 9 16
19 10 -74
19 11 -38
19 12 59
19 13 -42
19 14 3
19 15 -80
19 16 108
19 17 -13
19 18 -17
19 19 495
19 20 -56
19 21 -23
19 22 82
19 23 -77
19 24 9
19 25 108
19 26 55
19 27 -65
19 28 51
19 29 36
19 30 -13
19 31 23
19 32 -51
19 33 12
19 34 2
19 35 -65
19 36 6
19 37 43
19 38 53
19 39 178
19 41 -7
19 42 40
19 43 -39
19 44 -122
19 45 -29
19 46 -17
19 47 5
19 48 38
19 49 -43
19 50 -56
19 51 -81
19 52 51
19 53 -36
19 54 -7
19 55 55
19 56 29
19 57 -38
19 58 -38
19 59 31
19 60 35
19 61 30
19 62 15
19 63 -140
19 64 59
19 65 -26
19 67 110
19 68 12
19 69 52
19 70 2
19 71 44
19 72 5
19 73 143
19 74 -4
19 75 -23
19 76 -101
19 77 81
19 78 -36
19 79 -21
19 80 -117
19 81 -81
19 82 -68
19 83 -6
19 84 49
19 85 -7
19 86 -9
19 87 38
19 88 29
19 89 116
19 90 41
19 91 -60
19 92 -65
19 93 -7
19 94 81
19 95 -107
19 96 -10
19 97 112
19 98 -40
19 99 12
20 0 -78
20 1 -109
20 2 62
20 3 -190
20 4 28
20 5 34
20 6 91
20 7 4
20 8 60
20 9 11
20 11 89
20 12 43
20 13 35
20 14 69
20 15 165
20 16 -175
20 17 -13
20 18 -6
20 19 -56
20 20 1026
20 21 20
20 22 11
20 23 47
20 25 -47
20 26 -197
20 27 -100
20 28 -30
20 29 -141
20 30 54
20 31 -40
20 32 -29
20 33 -53
20 34 42
20 35 77
20 36 -124
20 37 -10
20 38 70
20 39 -62
20 40 20
20 41 49
20 42 -17
20 43 -5
20 44 30
20 45 29
20 46 -124
20 47 -90
20 48 77
20 49 -5
20 50 -4
20 51 -100
20 52 51
20 53 39
20 54 -52
20 55 -18
20 56 39
20 57 80
20 58 154
20 59 -148
20 60 -115
20 61 167
20 62 87
20 63 -22
20 64 -90
20 65 -123
20 66 80
20 67 132
20 68 -86
20 69 -63
20 70 -84
20 71 -35
20 72 -68
20 73 -51
20 74 92
20 75 149
20 76 94
20 77 -113
20 78 -66
20 79 -208
20 80 22
20 82 52
20 83 -3
20 84 -97
20 85 -20
20 86 59
20 87 -71
20 89 -34
20 90 41
20 91 -166
20 92 -53
20 93 -59
20 95 144
20 96 6
20 97 -2
20 98 163
20 99 -128
21 0 5
21 1 -11
21 2 10
21 3 95
21 4 103
21 5 28
21 7 25
21 8 104
21 9 81
21 10 72
21 11 50
21 12 -102
21 13 2
21 14 6
21 15 -70
21 16 -68
21 17 -13
21 18 -19
21 19 -23
21 20 20
21 21 803
21 22 -28
21 23 79
21 24 5
21 25 -11
21 26 28
21 27 88
21 28 24
21 29 20
21 30 29
21 31 66
21 32 -19
21 33 -4
21 34 -102
21 35 24
21 36 -22
21 37 -18
21 39 17
21 40 -74
21 41 133
21 42 74
21 43 31
21 44 -80
21 45 9
21 46 -16
21 48 -44
21 49 -71
21 50 32
21 51 -58
21 52 54
21 53 10
21 54 53
21 55 -10
21 56 120
21 57 70
21 58 -76
21 59 12
21 60 27
21 61 85
21 62 26
21 63 -125
21 64 -117
21 65 -12
21 66 -64
21 67 45
21 68 -96
21 69 84
21 70 -218
21 71 -33
21 72 -133
21 73 -20
21 74 -24
21 75 15
21 76 -66
21 77 -275
21 78 36
21 79 11
21 80 6
21 81 8
21 82 80
21 83 -70
21 84 95
21 85 -36
21 86 89
21 87 -2
21 89 62
21 90 68
21 91 -75
21 92 -28
21 93 -70
21 94 -22
21 95 -100
21 96 13
21 97 42
21 98 145
21 99 50
22 0 14
22 1 -62
22 2 49
22 3 18
22 4 -44
22 5 -90
22 6 19
22 7 38
22 8 13
22 9 -16
22 10 -118
22 11 73
22 12 -80
22 13 16
22 14 -30
22 15 -16
22 16 -85
22 17 21
22 18 -46
22 19 82
22 20 11
22 21 -28
22 22 618
22 23 -89
22 24 -27
22 25 88
22 26 -94
22 27 1
22 28 -27
22 29 -1
22 30 -44
22 31 -84
22 32 27
22 33 4
22 34 -15
22 35 -63
22 36 22
22 37 27
22 38 81
22 39 -99
22 40 -142
22 41 120
22 42 40
22 43 -171
22 44 -135
22 45 72
22 46 9
22 47 48
22 48 -28
22 49 -67
22 50 115
22 51 -136
22 52 25
22 53 -44
22 54 32
22 56 -31
22 57 -4
22 58 127
22 59 -102
22 60 10
22 61 -29
22 62 15
22 63 -32
22 64 -69
22 65 -4
22 66 -117
22 67 2
22 68 70
22 69 -69
22 70 -137
22 71 30
22 72 53
22 73 -27
22 74 -70
22 75 13
22 76 12
22 77 52
22 78 -105
22 79 -116
22 80 -141
22 81 -18
22 82 5
22 83 -33
22 84 -99
22 85 16
22 86 2
22 87 9
22 88 -13
22 89 -64
22 90 -59
22 91 1
22 92 20
22 93 -14
22 94 -18
22 95 48
22 96 14
22 97 49
22 98 -92
22 99 -37
23 0 -30
23 1 5
23 2 51
23 3 41
23 4 70
23 5 80
23 6 -29
23 7 65
23 8 -65
23 9 19
23 10 33
23 11 21
23 12 18
23 13 -39
23 14 57
23 15 192
23 16 -52
23 17 -15
23 18 133
23 19 -77
23 20 47
23 21 79
23 22 -89
23 23 640
23 24 75
23 25 -78
23 26 70
23 27 40
23 28 -26
23 29 64
23 30 3
23 31 -23
23 32 18
23 33 -7
23 34 -78
23 35 63
23 36 -104
23 37 -96
23 38 -39
23 39 -65
23 40 28
23 41 -6
23 42 -12
23 43 74
23 44 151
23 46 54
23 47 -62
23 48 -42
23 49 56
23 50 104
23 51 -81
23 52 33
23 53 75
23 54 1
23 55 91
23 57 -26
23 58 26
23 59 -16
23 60 -60
23 61 135
23 62 37
23 63 37
23 64 9
23 65 -105
23 66 15
23 67 -18
23 68 -5
23 69 80
23 70 -66
23 71 -126
23 72 10
23 73 57
23 74 24
23 75 -47
23 76 -38
23 77 -32
23 78 -41
23 79 6
23 80 19
23 81 -85
23 82 48
23 83 -34
23 85 -20
23 86 83
23 87 -16
23 88 35
23 89 -6
23 90 -68
23 91 -23
23 92 90
23 93 -37
23 94 -69
23 95 22
23 96 -2
23 97 -9
23 98 152
23 99 -65
24 0 40
24 1 -95
24 2 -71
24 3 -22
24 4 -31
24 5 -61
24 6 141
24 7 -30
24 8 -131
24 9 -59
24 11 -60
24 12 47
24 13 129
24 14 99
24 15 -67
24 16 -41
24 17 -138
24 18 -35
24 19 9
24 21 5
24 22 -27
24 23 75
24 24 538
24 25 37
24 26 38
24 27 48
24 28 -10
24 29 2
24 30 21
24 31 -68
24 32 64
24 33 -64
24 34 -33
24 35 36
24 36 -45
24 37 -131
24 38 102
24 39 -19
24 40 51
24 41 -34
24 42 24
24 43 79
24 44 21
24 45 1
24 46 24
24 47 -80
24 48 -103
24 49 -10
24 50 15
24 51 -139
24 52 -10
24 53 144
24 54 -90
24 55 -32
24 56 -90
24 57 -63
24 58 34
24 59 -123
24 60 -13
24 61 1
24 62 63
24 63 46
24 64 -5
24 65 -7
24 66 91
24 67 -23
24 68 64
24 69 -36
24 70 -4
24 71 -21
24 72 27
24 74 -19
24 75 22
24 76 83
24 77 6
24 78 -12
24 79 7
24 80 7
24 81 -18
24 82 70
24 83 34
24 84 -43
24 85 -78
24 86 78
24 87 24
24 88 19
24 89 63
24 90 45
24 91 31
24 92 7
24 93 58
24 94 3
24 95 -20
24 96 -12
24 97 -22
24 98 41
24 99 113
25 0 80
25 1 -63
25 2 61
25 3 -81
25 4 -63
25 5 44
25 6 -18
25 7 132
25 8 -29
25 9 58
25 10 5
25 11 6
25 12 -73
25 13 82
25 14 -20
25 15 -142
25 16 20
25 17 5
25 18 -126
25 19 108
25 20 -47
25 21 -11
25 22 88
25 23 -78
25 24 37
25 25 579
25 26 -83
25 27 -8
25 28 -51
25 29 -1
25 30 58
25 31 -30
25 32 -8
25 33 -46
25 34 1
25 35 -37
25 36 -58
25 37 -26
25 38 36
25 39 -19
25 41 -21
25 42 23
25 43 15
25 44 78
25 45 -18
25 46 7
25 47 9
25 48 -11
25 49 -51
25 50 6
25 51 25
25 52 19
25 53 -107
25 54 3
25 55 -94
25 56 -28
25 57 12
25 58 26
25 59 -80
25 60 6
25 61 -165
25 63 -166
25 64 -99
25 65 -3
25 66 -18
25 67 35
25 68 20
25 69 10
25 70 66
25 71 -6
25 72 4
25 73 -13
25 74 -18
25 75 78
25 76 4
25 77 -50
25 78 6
25 79 -36
25 80 -44
25 81 -43
25 82 -81
25 83 -93
25 84 -31
25 85 40
25 86 -12
25 87 -6
25 89 15
25 90 18
25 91 60
25 92 -81
25 93 -36
25 94 51
25 95 -100
25 96 -3
25 97 21
25 98 -40
25 99 -18
26 0 -7
26 1 40
26 2 16
26 3 10
26 4 -60
26 5 -97
26 6 31
26 7 92
26 8 36
26 9 35
26 10 101
26 11 -47
26 12 193
26 13 26
26 14 -9
26 15 -4
26 16 -14
26 17 18
26 18 -4
26 19 55
26 20 -197
26 21 28
26 22 -94
26 23 70
26 24 38
26 25 -83
26 26 773
26 27 61
26 28 -41
26 29 108
26 30 -86
26 31 -7
26 32 2
26 33 -7
26 34 -31
26 35 83
26 36 36
26 37 -97
26 38 -121
26 39 26
26 40 67
26 41 32
26 42 -14
26 43 -120
26 44 8
26 45 48
26 46 -35
26 47 -36
26 48 98
26 49 6
26 50 -8
26 51 -56
26 52 -1
26 53 -28
26 54 81
26 55 127
26 56 49
26 57 -93
26 58 -139
26 59 103
26 60 -111
26 61 40
26 62 -129
26 63 -5
26 64 67
26 65 -34
26 66 80
26 67 -1
26 68 176
26 69 -34
26 70 -30
26 71 -32
26 72 -3
26 73 -118
26 74 -82
26 75 -50
26 76 -105
26 77 16
26 78 20
26 79 157
26 80 153
26 81 -37
26 82 137
26 83 65
26 84 24
26 85 -100
26 86 67
26 87 -5
26 88 72
26 89 94
26 90 -56
26 91 -6
26 92 262
26 93 15
26 94 -2
26 95 -102
26 96 -20
26 97 18
26 98 -30
26 99 52
27 0 167
27 1 73
27 2 -110
27 3 -1
27 4 46
27 5 -109
27 6 56
27 7 29
27 8 -120
27 9 17
27 10 -31
27 11 -123
27 12 -155
27 13 4
27 14 36
27 15 -13
27 16 -49
27 17 23
27 18 -35
27 19 -65
27 20 -100
27 21 88
27 22 1
27 23 40
27 24 48
27 25 -8
27 26 61
27 27 616
27 28 -30
27 29 -123
27 30 60
27 31 -146
27 32 -35
27 33 -47
27 34 101
27 35 -26
27 36 -3
27 37 7
27 38 -42
27 39 39
27 40 79
27 41 50
27 42 4
27 43 10
27 44 10
27 46 10
27 48 -9
27 49 26
27 50 -22
27 51 69
27 52 -143
27 53 8
27 54 -73
27 55 56
27 56 36
27 57 65
27 58 3
27 59 -64
27 60 15
27 61 -61
27 62 34
27 63 124
27 64 -78
27 65 47
27 66 8
27 67 -80
27 68 24
27 69 4
27 70 -57
27 71 -14
27 72 -33
27 73 -18
27 74 -115
27 76 -13
27 77 -123
27 78 72
27 80 -32
27 81 -45
27 82 -52
27 83 14
27 84 2
27 85 -83
27 86 -3
27 87 -4
27 88 -62
27 90 55
27 92 42
27 93 88
27 94 -50
27 95 -103
27 96 12
27 97 -108
27 98 60
27 99 109
28 0 15
28 1 20
28 2 -67
28 3 153
28 4 25
28 5 -72
28 6 38
28 7 23
28 8 35
28 9 95
28 10 91
28 11 19
28 12 44
28 13 15
28 14 -35
28 15 60
28 16 -114
28 17 -80
28 18 42
28 19 51
28 20 -30
28 21 24
28 22 -27
28 23 -26
28 24 -10
28 25 -51
28 26 -41
28 27 -30
28 28 482
28 29 -38
28 30 37
28 31 45
28 32 -78
28 33 -69
28 34 -36
28 35 -32
28 36 -45
28 37 55
28 38 -23
28 39 108
28 40 9
28 41 -25
28 42 22
28 44 -173
28 46 -75
28 47 -56
28 48 -54
28 49 6
28 50 28
28 51 18
28 52 29
28 53 -1
28 54 -160
28 55 75
28 56 -47
28 57 146
28 58 -41
28 59 -63
28 60 88
28 61 40
28 62 21
28 63 29
28 64 121
28 66 -4
28 67 -52
28 68 -44
28 69 -25
28 70 -36
28 71 25
28 72 -6
28 73 52
28 75 -39
28 76 -26
28 77 66
28 79 -3
28 80 -53
28 81 37
28 82 62
28 83 55
28 84 -3
28 85 -10
28 86 26
28 87 60
28 88 50
28 89 -16
28 90 -127
28 91 -40
28 92 6
28 93 19
28 94 4
28 95 -18
28 96 -50
28 97 27
28 98 40
28 99 -55
29 0 -42
29 1 -60
29 2 30
29 3 30
29 4 -57
29 5 -17
29 6 31
29 7 44
29 8 -23
29 9 -49
29 10 -17
29 11 28
29 12 15
29 13 4
29 14 28
29 15 81
29 16 -47
29 17 21
29 18 54
29 19 36
29 20 -141
29 21 20
29 22 -1
29 23 64
29 24 2
29 25 -1
29 26 108
29 27 -123
29 28 -38
29 29 471
29 30 -111
29 31 93
29 32 51
29 33 45
29 34 -115
29 35 14
29 36 3
29 37 -153
29 38 36
29 39 26
29 40 -36
29 41 30
29 42 -63
29 43 -60
29 44 -4
29 46 -79
29 47 -23
29 48 -38
29 49 -30
29 50 -45
29 51 -12
29 52 -18
29 53 -27
29 54 138
29 55 85
29 56 3
29 57 35
29 58 33
29 59 62
29 60 97
29 61 -27
29 62 -3
29 63 -70
29 64 47
29 65 -45
29 66 14
29 67 -1
29 68 6
29 70 17
29 71 48
29 72 -21
29 73 -7
29 74 -37
29 75 -34
29 76 -5
29 77 -20
29 78 -54
29 79 35
29 80 228
29 81 -102
29 82 -10
29 83 -33
29 84 -54
29 85 82
29 86 25
29 87 43
29 88 3
29 89 7
29 90 53
29 91 3
29 92 -10
29 93 32
29 94 -46
29 95 5
29 96 -3
29 98 -57
29 99 -129
30 0 -5
30 1 -53
30 2 -8
30 3 -37
30 4 18
30 5 30
30 6 1
30 7 -9
30 8 -52
30 9 49
30 10 -14
30 11 21
30 12 24
30 13 64
30 14 -139
30 15 -21
30 16 -119
30 17 -159
30 18 -112
30 19 -13
30 20 54
30 21 29
30 22 -44
30 23 3
30 24 21
30 25 58
30 26 -86
30 27 60
30 28 37
30 29 -111
30 30 685
30 31 -89
30 32 63
30 33 -106
30 34 -24
30 35 -18
30 36 10
30 37 65
30 38 -62
30 39 -149
30 40 72
30 41 -8
30 42 -10
30 43 30
30 44 -102
30 45 29
30 46 60
30 47 32
30 48 7
30 49 80
30 50 -27
30 51 -35
30 52 39
30 53 35
30 54 38
30 55 -26
30 56 -46
30 57 -52
30 58 -60
30 59 -95
30 60 70
30 61 25
30 62 44
30 63 -19
30 64 -124
30 65 30
30 66 -101
30 67 3
30 68 5
30 69 -66
30 70 -65
30 71 40
30 72 -122
30 73 -10
30 74 74
30 75 63
30 76 -4
30 77 16
30 78 107
30 79 80
30 80 2
30 81 37
30 82 68
30 83 2
30 84 8
30 85 37
30 86 -7
30 87 -4
30 88 -17
30 89 -79
30 90 -36
30 92 -96
30 93 -60
30 94 191
30 95 -4
30 96 -26
30 97 -34
30 98 9
30 99 45
31 0 26
31 1 19
31 2 108
31 3 -10
31 4 -42
31 5 38
31 6 3
31 7 -54
31 8 122
31 9 -11
31 10 29
31 11 54
31 12 -30
31 13 -43
31 14 -11
31 15 4
31 16 -45
31 17 -97
31 18 29
31 19 23
31 20 -40
31 21 66
31 22 -84
31 23 -23
31 24 -68
31 25 -30
31 26 -7
31 27 -146
31 28 45
31 29 93
31 30 -89
31 31 699
31 32 -45
31 33 39
31 34 -104
31 35 66
31 36 132
31 37 53
31 38 46
31 39 -11
31 40 1
31 41 -82
31 42 -15
31 43 26
31 44 -7
31 45 12
31 47 -39
31 48 -24
31 49 -56
31 50 -163
31 51 14
31 52 2
31 53 -122
31 54 -12
31 55 -67
31 56 15
31 57 30
31 58 -45
31 59 3
31 60 49
31 61 24
31 62 -5
31 63 37
31 64 10
31 65 46
31 66 92
31 67 8
31 68 -72
31 69 116
31 70 -7
31 71 -149
31 72 -107
31 73 67
31 74 134
31 75 -22
31 76 -23
31 77 -100
31 78 59
31 79 36
31 80 -1
31 81 87
31 82 29
31 83 -107
31 84 178
31 85 -14
31 86 17
31 87 34
31 88 -69
31 89 -53
31 90 50
31 91 -7
31 92 -101
31 93 86
31 94 22
31 95 -17
31 96 30
31 97 6
31 98 -7
31 99 86
32 0 -69
32 1 -115
32 2 -9
32 3 -30
32 4 37
32 5 -19
32 6 29
32 8 -98
32 9 64
32 10 -86
32 11 -28
32 12 46
32 13 108
32 14 -219
32 15 -29
32 16 129
32 17 44
32 18 142
32 19 -51
32 20 -29
32 21 -19
32 22 27
32 23 18
32 24 64
32 25 -8
32 26 2
32 27 -35
32 28 -78
32 29 51
32 30 63
32 31 -45
32 32 876
32 33 -20
32 34 -58
32 35 45
32 36 -31
32 38 185
32 39 51
32 40 71
32 41 -1
32 42 -76
32 43 29
32 44 40
32 45 55
32 46 28
32 47 14
32 48 -123
32 49 104
32 50 90
32 51 -65
32 52 32
32 53 181
32 54 -227
32 55 -31
32 56 56
32 57 -146
32 58 -70
32 59 -45
32 60 -104
32 61 -35
32 62 1
32 63 -94
32 64 74
32 65 64
32 66 134
32 67 -26
32 68 43
32 69 -52
32 70 -57
32 71 26
32 72 23
32 73 -35
32 74 -54
32 75 -32
32 76 -22
32 77 34
32 78 24
32 79 34
32 80 121
32 81 67
32 82 -78
32 83 71
32 84 -78
32 85 72
32 86 80
32 88 37
32 89 -205
32 90 -25
32 91 52
32 92 -180
32 93 -143
32 94 -18
32 95 91
32 96 -4
32 97 -28
32 98 49
32 99 58
33 0 -10
33 1 128
33 2 -22
33 3 56
33 4 105
33 5 47
33 6 -67
33 7 -89
33 8 33
33 9 -94
33 10 31
33 11 -98
33 12 -47
33 13 79
33 14 63
33 15 82
33 16 12
33 17 11
33 18 57
33 19 12
33 20 -53
33 21 -4
33 22 4
33 23 -7
33 24 -64
33 25 -46
33 26 -7
33 27 -47
33 28 -69
33 29 45
33 30 -106
33 31 39
33 32 -20
33 33 712
33 34 -13
33 35 -150
33 36 69
33 37 -22
33 38 -23
33 39 -40
33 40 71
33 41 122
33 42 -13
33 43 -35
33 44 60
33 45 60
33 46 2
33 47 14
33 48 -74
33 49 -155
33 50 -62
33 51 -8
33 52 -81
33 53 -33
33 54 -35
33 55 24
33 56 72
33 57 48
33 58 13
33 59 95
33 60 -26
33 61 31
33 62 55
33 63 -78
33 64 -88
33 65 56
33 66 -4
33 67 23
33 68 -11
33 69 89
33 70 87
33 71 -77
33 72 -3
33 73 71
33 74 60
33 75 -48
33 76 -38
33 77 -90
33 78 -22
33 79 26
33 80 72
33 81 -112
33 82 -13
33 83 -2
33 84 57
33 85 80
33 86 -6
33 87 49
33 90 115
33 91 -22
33 92 -79
33 93 -58
33 94 23
33 95 131
33 96 -11
33 97 -29
33 98 -151
33 99 -20
34 0 60
34 1 37
34 2 -7
34 3 -70
34 4 -44
34 5 -48
34 6 -21
34 7 -8
34 8 19
34 9 -48
34 10 14
34 11 -138
34 12 -102
34 13 -45
34 14 -3
34 15 182
34 16 19
34 17 13
34 18 -2
34 19 2
34 20 42
34 21 -102
34 22 -15
34 23 -78
34 24 -33
34 25 1
34 26 -31
34 27 101
34 28 -36
34 29 -115
34 30 -24
34 31 -104
34 32 -58
34 33 -13
34 34 698
34 35 -90
34 36 -53
34 37 57
34 38 65
34 39 -63
34 40 -27
34 41 30
34 43 45
34 44 59
34 45 -70
34 46 198
34 47 40
34 48 96
34 49 51
34 50 -30
34 51 70
34 52 -172
34 53 -36
34 54 -20
34 55 -45
34 56 18
34 57 16
34 58 4
34 59 85
34 60 -13
34 61 62
34 62 92
34 63 160
34 64 77
34 65 -12
34 67 -36
34 68 1
34 69 6
34 70 -76
34 71 78
34 72 -81
34 73 -30
34 74 -15
34 75 -54
34 76 44
34 77 88
34 78 -11
34 79 36
34 80 -71
34 81 -53
34 82 -85
34 83 -32
34 84 -64
34 85 -32
34 86 -131
34 87 63
34 88 -4
34 89 50
34 90 -127
34 92 59
34 93 128
34 94 9
34 95 -114
34 96 51
34 97 -13
34 98 24
34 99 -28
35 0 34
35 1 -135
35 2 -3
35 4 -155
35 5 1
35 6 -19
35 7 30
35 8 -48
35 9 59
35 10 81
35 11 36
35 12 71
35 13 -59
35 14 22
35 15 -6
35 16 -13
35 17 21
35 18 76
35 19 -65
35 20 77
35 21 24
35 22 -63
35 23 63
35 24 36
35 25 -37
35 26 83
35 27 -26
35 28 -32
35 29 14
35 30 -18
35 31 66
35 32 45
35 33 -150
35 34 -90
35 35 648
35 36 -106
35 37 41
35 38 90
35 39 21
35 40 2
35 41 -67
35 42 20
35 43 -26
35 44 42
35 45 9
35 46 -38
35 47 -87
35 48 36
35 49 25
35 50 -31
35 52 81
35 53 -47
35 54 31
35 55 -32
35 56 -42
35 57 34
35 58 98
35 59 -105
35 60 -25
35 62 -66
35 63 23
35 64 46
35 65 -21
35 66 21
35 67 -34
35 68 -5
35 69 -69
35 70 -49
35 71 -109
35 72 48
35 73 -128
35 74 -24
35 76 -11
35 77 21
35 78 85
35 79 -9
35 80 39
35 81 91
35 82 62
35 83 40
35 84 -3
35 85 -65
35 86 3
35 87 -135
35 89 -7
35 90 -41
35 91 -56
35 92 91
35 93 28
35 94 -65
35 95 -75
35 96 56
35 97 -9
35 98 28
35 99 -12
36 0 99
36 1 -16
36 2 53
36 3 -143
36 4 -79
36 5 134
36 6 -154
36 7 3
36 8 -19
36 9 -78
36 10 30
36 11 5
36 12 86
36 13 -183
36 14 -25
36 15 -123
36 16 106
36 17 -40
36 18 -14
36 19 6
36 20 -124
36 21 -22
36 22 22
36 23 -104
36 24 -45
36 25 -58
36 26 36
36 27 -3
36 28 -45
36 29 3
36 30 10
36 31 132
36 32 -31
36 33 69
36 34 -53
36 35 -106
36 36 1206
36 37 -35
36 38 -44
36 39 -121
36 40 73
36 41 49
36 42 20
36 43 -110
36 44 6
36 45 -34
36 46 -18
36 47 85
36 48 -59
36 49 120
36 50 -45
36 51 -50
36 52 -26
36 53 137
36 54 98
36 55 -25
36 56 79
36 57 -100
36 58 14
36 59 -40
36 60 50
36 61 -60
36 62 56
36 63 63
36 64 -25
36 65 2
36 66 -1
36 67 123
36 68 73
36 69 -60
36 70 210
36 71 -115
36 72 -75
36 73 -107
36 74 106
36 75 168
36 76 -5
36 77 25
36 78 22
36 79 -10
36 80 123
36 81 -136
36 82 -22
36 83 -36
36 84 39
36 85 -38
36 86 68
36 87 73
36 88 -97
36 89 -20
36 90 149
36 91 -16
36 92 -63
36 93 100
36 94 56
36 95 -18
36 96 -14
36 97 14
36 98 -47
36 99 132
37 0 61
37 1 3
37 2 10
37 3 4
37 4 22
37 5 70
37 6 -53
37 7 -16
37 8 20
37 9 24
37 10 -3
37 11 35
37 12 24
37 13 59
37 14 -184
37 15 -39
37 16 77
37 17 4
37 18 24
37 19 43
37 20 -10
37 21 -18
37 22 27
37 23 -96
37 24 -131
37 25 -26
37 26 -97
37 27 7
37 28 55
37 29 -153
37 30 65
37 31 53
37 33 -22
37 34 57
37 35 41
37 36 -35
37 37 544
37 38 51
37 39 119
37 40 -11
37 41 -12
37 42 18
37 44 -16
37 46 124
37 47 18
37 48 -54
37 49 36
37 50 -39
37 51 21
37 52 27
37 53 -9
37 54 4
37 55 -20
37 56 18
37 57 23
37 58 -87
37 59 32
37 60 98
37 61 -27
37 62 125
37 63 -102
37 64 56
37 65 14
37 66 -30
37 67 34
37 68 -42
37 69 20
37 70 -4
37 71 38
37 72 105
37 73 -14
37 74 14
37 76 -68
37 77 163
37 78 -3
37 79 18
37 80 -228
37 81 106
37 82 60
37 83 18
37 84 36
37 85 -30
37 86 -12
37 87 -52
37 88 45
37 89 -43
37 90 19
37 91 -82
37 92 -28
37 95 -93
37 97 108
37 98 -128
37 99 7
38 0 -50
38 1 -100
38 2 -48
38 3 54
38 4 20
38 5 -67
38 6 103
38 7 58
38 9 121
38 10 -72
38 11 -2
38 12 -81
38 13 3
38 14 -7
38 15 46
38 16 113
38 17 24
38 18 164
38 19 53
38 20 70
38 22 81
38 23 -39
38 24 102
38 25 36
38 26 -121
38 27 -42
38 28 -23
38 29 36
38 30 -62
38 31 46
38 32 185
38 33 -23
38 34 65
38 35 90
38 36 -44
38 37 51
38 38 615
38 39 168
38 40 -34
38 41 112
38 42 47
38 43 10
38 44 104
38 45 52
38 46 -35
38 48 -3
38 49 -14
38 50 31
38 51 8
38 52 35
38 53 54
38 54 -174
38 55 -118
38 56 -6
38 57 22
38 58 56
38 59 -83
38 60 35
38 61 84
38 62 -18
38 63 2
38 64 32
38 65 28
38 66 36
38 67 28
38 69 -37
38 70 -18
38 71 -72
38 72 5
38 73 -11
38 74 43
38 75 8
38 76 68
38 77 29
38 78 -27
38 79 32
38 80 -65
38 81 -4
38 82 -96
38 83 -26
38 85 -59
38 86 42
38 88 -1
38 89 -15
38 90 -40
38 91 -20
38 92 -152
38 93 28
38 94 79
38 95 8
38 96 60
38 97 63
38 98 -9
38 99 12
39 0 128
39 1 -47
39 2 -76
39 3 119
39 4 -4
39 5 180
39 6 -43
39 7 53
39 8 60
39 9 121
39 10 16
39 11 53
39 12 29
39 13 -58
39 14 -12
39 15 -54
39 16 112
39 17 41
39 18 83
39 19 178
39 20 -62
39 21 17
39 22 -99
39 23 -65
39 24 -19
39 25 -19
39 26 26
39 27 39
39 28 108
39 29 26
39 30 -149
39 31 -11
39 32 51
39 33 -40
39 34 -63
39 35 21
39 36 -121
39 37 119
39 38 168
39 39 859
39 40 -19
39 41 -36
39 42 -27
39 43 82
39 44 -102
39 45 -37
39 46 -120
39 47 105
39 48 63
39 49 -8
39 50 27
39 51 -8
39 52 58
39 53 -44
39 54 -59
39 55 24
39 56 166
39 57 4
39 58 12
39 59 74
39 60 22
39 61 6
39 62 -38
39 63 -12
39 64 95
39 65 28
39 66 -9
39 67 -16
39 68 -5
39 69 146
39 70 7
39 71 67
39 72 89
39 73 183
39 74 -3
39 75 132
39 76 -156
39 77 4
39 78 2
39 79 84
39 80 -68
39 81 -52
39 82 -110
39 83 106
39 84 -29
39 85 -51
39 86 35
39 87 -63
39 88 9
39 89 50
39 90 -41
39 91 29
39 92 -17
39 93 34
39 94 68
39 95 -107
39 96 -29
39 97 53
39 98 43
39 99 74
40 0 105
40 1 60
40 2 -43
40 3 -72
40 4 15
40 5 -28
40 6 -6
40 7 68
40 8 -55
40 9 35
40 10 15
40 11 -89
40 12 -24
40 13 14
40 14 -125
40 15 5
40 16 -1
40 17 -8
40 18 -28
40 20 20
40 21 -74
40 22 -142
40 23 28
40 24 51
40 26 67
40 27 79
40 28 9
40 29 -36
40 30 72
40 31 1
40 32 71
40 33 71
40 34 -27
40 35 2
40 36 73
40 37 -11
40 38 -34
40 39 -19
40 40 450
40 42 -77
40 43 68
40 44 11
40 46 66
40 47 -42
40 48 25
40 49 4
40 50 -136
40 51 14
40 52 27
40 53 108
40 54 -40
40 55 12
40 56 20
40 57 -24
40 58 3
40 59 -118
40 60 -12
40 61 -45
40 62 164
40 63 96
40 64 77
40 65 99
40 66 49
40 67 4
40 68 -16
40 69 -128
40 70 54
40 71 -5
40 72 -11
40 73 -32
40 74 121
40 75 36
40 76 -72
40 77 15
40 78 93
40 79 -7
40 80 126
40 81 -31
40 82 38
40 83 -18
40 84 68
40 85 -42
40 86 20
40 87 18
40 89 10
40 90 78
40 91 -32
40 92 -60
40 93 -14
40 95 -38
40 96 -10
40 97 -47
40 98 8
40 99 38
41 0 -20
41 1 101
41 2 48
41 3 -32
41 5 54
41 6 64
41 7 72
41 8 64
41 9 68
41 10 58
41 11 34
41 12 -148
41 13 35
41 14 -46
41 15 13
41 16 42
41 17 69
41 18 33
41 19 -7
41 20 49
41 21 133
41 22 120
41 23 -6
41 24 -34
41 25 -21
41 26 32
41 27 50
41 28 -25
41 29 30
41 30 -8
41 31 -82
41 32 -1
41 33 122
41 34 30
41 35 -67
41 36 49
41 37 -12
41 38 112
41 39 -36
41 41 636
41 42 130
41 43 -53
41 44 -33
41 45 117
41 46 49
41 47 11
41 48 58
41 49 -1
41 50 -20
41 51 40
41 52 24
41 53 66
41 54 -52
41 55 47
41 56 167
41 57 48
41 58 27
41 59 14
41 60 -8
41 61 42
41 62 20
41 63 40
41 64 10
41 65 5
41 66 15
41 67 -1
41 68 66
41 69 -16
41 70 -134
41 71 10
41 72 -133
41 73 29
41 74 130
41 75 67
41 76 71
41 77 -129
41 78 4
41 79 -12
41 80 -2
41 81 22
41 82 -54
41 83 -74
41 84 -68
41 86 34
41 87 58
41 88 42
41 89 -15
41 90 -23
41 91 -50
41 92 -1
41 93 -73
41 94 60
41 95 -68
41 96 32
41 97 37
41 98 22
41 99 -79
42 1 72
42 2 -37
42 3 71
42 4 -5
42 5 16
42 6 107
42 7 106
42 8 -114
42 9 6
42 10 -58
42 11 79
42 12 -134
42 13 -28
42 14 -9
42 15 -54
42 16 -8
42 17 -58
42 18 -37
42 19 40
42 20 -17
42 21 74
42 22 40
42 23 -12
42 24 24
42 25 23
42 26 -14
42 27 4
42 28 22
42 29 -63
42 30 -10
42 31 -15
42 32 -76
42 33 -13
42 35 20
42 36 20
42 37 18
42 38 47
42 39 -27
42 40 -77
42 41 130
42 42 565
42 43 -54
42 44 117
42 46 -70
42 47 -6
42 48 -50
42 49 16
42 50 54
42 51 -46
42 52 116
42 53 -37
42 54 30
42 55 93
42 56 26
42 57 -63
42 58 -70
42 59 -20
42 60 3
42 61 32
42 62 15
42 63 -12
42 64 -112
42 65 8
42 66 53
42 67 -58
42 68 -108
42 69 -12
42 70 -66
42 71 7
42 73 97
42 74 -12
42 75 3
42 77 -122
42 78 -96
42 79 -80
42 81 15
42 82 51
42 83 -72
42 84 -12
42 86 -3
42 87 84
42 88 80
42 89 15
42 90 29
42 91 -13
42 92 50
42 93 88
42 94 146
42 95 -49
42 96 5
42 98 -30
42 99 -10
43 0 25
43 1 49
43 2 -8
43 3 -27
43 4 45
43 5 93
43 6 26
43 7 -125
43 8 -94
43 9 46
43 10 21
43 11 -66
43 12 -82
43 13 -13
43 14 31
43 15 90
43 16 25
43 17 -8
43 18 -52
43 19 -39
43 20 -5
43 21 31
43 22 -171
43 23 74
43 24 79
43 25 15
43 26 -120
43 27 10
43 29 -60
43 30 30
43 31 26
43 32 29
43 33 -35
43 34 45
43 35 -26
43 36 -110
43 38 10
43 39 82
43 40 68
43 41 -53
43 42 -54
43 43 652
43 44 5
43 45 -32
43 47 37
43 48 -144
43 49 65
43 50 -67
43 51 10
43 52 40
43 53 63
43 54 -100
43 55 -69
43 56 32
43 57 -40
43 58 55
43 59 -36
43 60 -90
43 62 -120
43 63 23
43 64 -3
43 65 37
43 66 -24
43 67 -35
43 68 -63
43 69 177
43 70 -44
43 71 46
43 72 -75
43 73 54
43 75 123
43 76 10
43 77 -85
43 78 52
43 79 -47
43 80 -34
43 81 58
43 82 -38
43 83 23
43 84 -57
43 85 -48
43 86 -31
43 87 -13
43 88 -38
43 89 -15
43 90 37
43 91 5
43 92 -93
43 93 9
43 94 10
43 95 -60
43 96 24
43 97 -45
43 98 40
43 99 120
44 0 35
44 1 -14
44 3 -36
44 4 -3
44 5 -63
44 6 80
44 7 38
44 8 -38
44 9 26
44 10 16
44 11 -19
44 12 -8
44 13 32
44 14 -64
44 15 58
44 16 125
44 17 14
44 18 74
44 19 -122
44 20 30
44 21 -80
44 22 -135
44 23 151
44 24 21
44 25 78
44 26 8
44 27 10
44 28 -173
44 29 -4
44 30 -102
44 31 -7
44 32 40
44 33 60
44 34 59
44 35 42
44 36 6
44 37 -16
44 38 104
44 39 -102
44 40 11
44 41 -33
44 42 117
44 43 5
44 44 754
44 46 111
44 47 -71
44 48 -32
44 49 6
44 50 67
44 51 11
44 52 29
44 53 -57
44 54 -7
44 55 -86
44 56 -1
44 57 10
44 58 -19
44 59 48
44 60 -161
44 61 -40
44 62 59
44 63 -2
44 64 -108
44 65 -44
44 66 113
44 67 -37
44 68 -81
44 69 54
44 70 56
44 72 16
44 75 50
44 76 20
44 77 59
44 78 -63
44 79 -10
44 80 60
44 82 -46
44 83 8
44 84 44
44 85 -56
44 86 -32
44 87 9
44 88 38
44 89 -25
44 90 56
44 91 15
44 92 28
44 93 11
44 94 -40
44 95 120
44 96 106
44 97 -38
44 98 16
44 99 -59
45 0 -57
45 1 -12
45 3 -57
45 5 24
45 6 64
45 7 18
45 8 11
45 11 12
45 12 86
45 13 34
45 14 -4
45 15 -15
45 16 -4
45 17 -4
45 18 58
45 19 -29
45 20 29
45 21 9
45 22 72
45 24 1
45 25 -18
45 26 48
45 30 29
45 31 12
45 32 55
45 33 60
45 34 -70
45 35 9
45 36 -34
45 38 52
45 39 -37
45 41 117
45 43 -32
45 45 326
45 46 42
45 47 -9
45 48 -67
45 49 -53
45 50 44
45 51 -2
45 52 26
45 54 -111
45 55 62
45 56 -2
45 57 79
45 58 12
45 59 -61
45 60 -87
45 61 35
45 62 -1
45 63 28
45 64 120
45 65 32
45 67 82
45 68 7
45 69 -14
45 70 -20
45 71 54
45 72 -30
45 73 -101
45 74 12
45 75 42
45 76 -24
45 77 -34
45 78 -16
45 80 42
45 81 43
45 82 39
45 83 -11
45 84 9
45 85 -12
45 86 42
45 87 7
45 89 -32
45 90 -75
45 91 16
45 92 -51
45 93 -107
45 94 104
45 95 -19
45 96 -21
45 97 -43
45 98 -40
45 99 50
46 0 46
46 1 112
46 2 65
46 3 -96
46 4 45
46 5 -2
46 6 48
46 7 -102
46 8 -49
46 9 60
46 10 35
46 11 31
46 12 47
46 14 37
46 15 55
46 16 94
46 17 -127
46 18 -43
46 19 -17
46 20 -124
46 21 -16
46 22 9
46 23 54
46 24 24
46 25 7
46 26 -35
46 27 10
46 28 -75
46 29 -79
46 30 60
46 32 28
46 33 2
46 34 198
46 35 -38
46 36 -18
46 37 124
46 38 -35
46 39 -120
46 40 66
46 41 49
46 42 -70
46 44 111
46 45 42
46 46 868
46 47 -6
46 48 -45
46 49 -35
46 50 -79
46 51 -90
46 52 -71
46 53 198
46 54 36
46 55 -77
46 56 -107
46 57 15
46 58 -135
46 59 49
46 60 -140
46 61 -63
46 62 132
46 63 4
46 64 -45
46 65 -15
46 67 -116
46 68 -63
46 69 34
46 70 -1
46 71 44
46 72 -74
46 73 66
46 74 162
46 75 -36
46 76 -20
46 77 120
46 79 80
46 80 -117
46 81 21
46 82 37
46 83 -105
46 84 60
46 85 -99
46 86 -31
46 87 62
46 88 45
46 89 -99
46 90 -32
46 91 72
46 93 -41
46 94 -66
46 95 16
46 96 -75
46 97 126
46 98 30
46 99 30
47 0 -20
47 1 80
47 2 -11
47 3 -9
47 4 18
47 5 -6
47 6 22
47 7 11
47 8 1
47 9 29
47 10 8
47 11 53
47 12 16
47 13 -104
47 14 44
47 15 -45
47 16 137
47 17 11
47 18 27
47 19 5
47 20 -90
47 22 48
47 23 -62
47 24 -80
47 25 9
47 26 -36
47 28 -56
47 29 -23
47 30 32
47 31 -39
47 32 14
47 33 14
47 34 40
47 35 -87
47 36 85
47 37 18
47 39 105
47 40 -42
47 41 11
47 42 -6
47 43 37
47 44 -71
47 45 -9
47 46 -6
47 47 403
47 48 -27
47 49 -26
47 50 -28
47 52 -18
47 53 3
47 54 2
47 56 104
47 57 -49
47 58 40
47 59 -38
47 60 41
47 61 39
47 62 25
47 63 12
47 64 42
47 65 14
47 66 -34
47 67 -36
47 68 8
47 69 90
47 70 12
47 71 1
47 72 -93
47 73 2
47 74 -48
47 75 76
47 76 -30
47 77 -21
47 78 -54
47 79 36
47 80 -86
47 81 -99
47 82 -125
47 83 52
47 86 -40
47 87 -78
47 89 -50
47 90 -12
47 91 -26
47 92 -72
47 93 -8
47 94 23
47 95 -35
47 96 1
47 97 -10
47 98 9
47 99 18
48 0 115
48 1 -70
48 2 45
48 3 -80
48 4 2
48 5 21
48 6 -69
48 7 24
48 8 105
48 9 46
48 10 6
48 11 33
48 12 83
48 13 -42
48 14 -77
48 15 -140
48 16 30
48 17 70
48 18 156
48 19 38
48 20 77
48 21 -44
48 22 -28
48 23 -42
48 24 -103
48 25 -11
48 26 98
48 27 -9
48 28 -54
48 29 -38
48 30 7
48 31 -24
48 32 -123
48 33 -74
48 34 96
48 35 36
48 36 -59
48 37 -54
48 38 -3
48 39 63
48 40 25
48 41 58
48 42 -50
48 43 -144
48 44 -32
48 45 -67
48 46 -45
48 47 -27
48 48 698
48 49 6
48 50 15
48 51 40
48 52 -42
48 53 -139
48 54 86
48 55 -93
48 56 14
48 57 40
48 58 58
48 59 85
48 60 -3
48 61 -35
48 62 31
48 63 19
48 64 114
48 65 69
48 66 -33
48 67 80
48 68 -53
48 69 -70
48 70 -65
48 71 26
48 72 -59
48 73 14
48 74 137
48 75 -135
48 76 46
48 77 -64
48 78 118
48 79 23
48 80 -49
48 81 64
48 82 -33
48 83 63
48 84 51
48 85 7
48 86 -44
48 87 -74
48 88 85
48 89 160
48 90 32
48 91 21
48 92 218
48 93 98
48 94 -80
48 95 -32
48 96 59
48 97 107
48 98 61
48 99 -49
49 0 -47
49 1 56
49 2 61
49 3 -6
49 4 62
49 5 -38
49 6 -70
49 7 -96
49 8 24
49 9 -2
49 10 -3
49 11 24
49 13 -3
49 14 -86
49 15 14
49 16 -16
49 17 26
49 18 -12
49 19 -43
49 20 -5
49 21 -71
49 22 -67
49 23 56
49 24 -10
49 25 -51
49 26 6
49 27 26
49 28 6
49 29 -30
49 30 80
49 31 -56
49 32 104
49 33 -155
49 34 51
49 35 25
49 36 120
49 37 36
49 38 -14
49 39 -8
49 40 4
49 41 -1
49 42 16
49 43 65
49 44 6
49 45 -53
49 46 -35
49 47 -26
49 48 6
49 49 537
49 50 34
49 51 6
49 52 -65
49 53 9
49 54 19
49 55 -149
49 56 -12
49 57 -148
49 58 76
49 59 -5
49 60 -57
49 61 9
49 62 7
49 63 115
49 64 57
49 65 -33
49 66 9
49 67 30
49 68 13
49 69 6
49 70 3
49 71 63
49 72 78
49 74 -108
49 75 -91
49 76 -30
49 77 36
49 78 12
49 79 -50
49 80 151
49 81 -74
49 82 -29
49 83 -54
49 84 14
49 86 -14
49 87 16
49 88 15
49 89 -115
49 90 -6
49 91 -71
49 92 -5
49 93 105
49 94 36
49 95 20
49 96 13
49 97 -76
49 98 -9
49 99 -5
50 0 -93
50 1 -70
50 2 -120
50 3 136
50 4 40
50 5 30
50 6 -42
50 7 14
50 8 12
50 9 57
50 10 -25
50 11 -52
50 12 -61
50 13 65
50 14 -50
50 15 12
50 16 130
50 17 144
50 18 105
50 19 -56
50 20 -4
50 21 32
50 22 115
50 23 104
50 24 15
50 25 6
50 26 -8
50 27 -22
50 28 28
50 29 -45
50 30 -27
50 31 -163
50 32 90
50 33 -62
50 34 -30
50 35 -31
50 36 -45
50 37 -39
50 38 31
50 39 27
50 40 -136
50 41 -20
50 42 54
50 43 -67
50 44 67
50 45 44
50 46 -79
50 47 -28
50 48 15
50 49 34
50 50 673
50 51 -64
50 52 -19
50 53 -58
50 54 16
50 55 3
50 56 47
50 57 -5
50 58 -118
50 59 23
50 60 -13
50 61 45
50 62 -13
50 63 43
50 64 31
50 65 24
50 66 -32
50 67 54
50 68 -29
50 69 26
50 70 -71
50 71 -10
50 72 9
50 73 -57
50 74 -12
50 75 48
50 76 -6
50 77 50
50 78 -42
50 79 63
50 80 -60
50 81 -8
50 82 23
50 83 148
50 84 52
50 86 48
50 87 -25
50 88 -18
50 89 -49
50 90 -81
50 91 144
50 92 147
50 93 35
50 94 71
50 95 40
50 96 -104
50 97 101
50 98 78
50 99 -21
51 0 -10
51 1 97
51 2 -90
51 3 -80
51 4 8
51 5 8
51 7 -2
51 8 30
51 9 -10
51 10 29
51 11 -60
51 12 -99
51 13 -44
51 14 -16
51 15 -28
51 16 75
51 17 126
51 18 -46
51 19 -81
51 20 -100
51 21 -58
51 22 -136
51 23 -81
51 24 -139
51 25 25
51 26 -56
51 27 69
51 28 18
51 29 -12
51 30 -35
51 31 14
51 32 -65
51 33 -8
51 34 70
51 36 -50
51 37 21
51 38 8
51 39 -8
51 40 14
51 41 40
51 42 -46
51 43 10
51 44 11
51 45 -2
51 46 -90
51 48 40
51 49 6
51 50 -64
51 51 488
51 52 -61
51 53 -48
51 54 -80
51 55 -8
51 56 36
51 57 112
51 58 69
51 59 135
51 60 42
51 61 -50
51 62 -134
51 63 124
51 64 174
51 65 16
51 66 -90
51 67 73
51 68 20
51 69 48
51 70 57
51 71 -63
51 72 -17
51 73 -50
51 74 -8
51 75 -48
51 76 76
51 77 -20
51 80 9
51 81 113
51 82 -187
51 83 -92
51 84 68
51 85 63
51 86 -75
51 88 -25
51 89 -21
51 90 8
51 91 28
51 92 18
51 93 -36
51 94 3
51 95 20
51 96 52
51 97 -47
51 98 20
52 0 -3
52 1 -59
52 2 28
52 3 14
52 4 17
52 5 138
52 6 -16
52 7 149
52 8 -42
52 9 96
52 10 -87
52 11 77
52 12 -64
52 13 -107
52 14 -79
52 15 -83
52 16 -12
52 17 -12
52 18 -33
52 19 51
52 20 51
52 21 54
52 22 25
52 23 33
52 24 -10
52 25 19
52 26 -1
52 27 -143
52 28 29
52 29 -18
52 30 39
52 31 2
52 32 32
52 33 -81
52 34 -172
52 35 81
52 36 -26
52 37 27
52 38 35
52 39 58
52 40 27
52 41 24
52 42 116
52 43 40
52 44 29
52 45 26
52 46 -71
52 47 -18
52 48 -42
52 49 -65
52 50 -19
52 51 -61
52 52 766
52 53 -95
52 54 118
52 55 104
52 56 58
52 57 -22
52 58 -15
52 59 -5
52 60 -6
52 61 63
52 62 -102
52 63 -135
52 64 -2
52 65 130
52 66 -23
52 67 20
52 68 22
52 69 -8
52 70 6
52 71 -71
52 72 70
52 73 120
52 74 60
52 75 210
52 76 -42
52 77 -36
52 78 -36
52 79 -18
52 80 21
52 81 57
52 82 -25
52 83 87
52 84 -24
52 85 -12
52 86 81
52 87 -40
52 88 35
52 90 -123
52 91 -5
52 92 -32
52 93 32
52 94 99
52 95 -181
52 96 52
52 97 -86
52 98 70
52 99 -28
53 0 -56
53 1 19
53 2 61
53 3 -12
53 4 -64
53 5 26
53 6 49
53 7 -76
53 8 -171
53 9 26
53 10 14
53 11 -60
53 12 109
53 13 -69
53 14 -69
53 15 51
53 16 -13
53 17 -37
53 18 -13
53 19 -36
53 20 39
53 21 10
53 22 -44
53 23 75
53 24 144
53 25 -107
53 26 -28
53 27 8
53 28 -1
53 29 -27
53 30 35
53 31 -122
53 32 181
53 33 -33
53 34 -36
53 35 -47
53 36 137
53 37 -9
53 38 54
53 39 -44
53 40 108
53 41 66
53 42 -37
53 43 63
53 44 -57
53 46 198
53 47 3
53 48 -139
53 49 9
53 50 -58
53 51 -48
53 52 -95
53 53 770
53 54 -37
53 55 55
53 56 -122
53 57 20
53 58 -155
53 59 -131
53 60 76
53 61 -55
53 62 8
53 63 20
53 64 -35
53 65 -53
53 66 -20
53 67 -35
53 68 -54
53 69 7
53 70 88
53 71 -85
53 72 15
53 73 -96
53 74 18
53 75 103
53 76 28
53 77 61
53 78 38
53 79 -24
53 80 47
53 81 38
53 82 -46
53 83 -73
53 84 -80
53 85 -67
53 86 18
53 87 58
53 89 -108
53 90 91
53 91 99
53 92 -50
53 93 -93
53 94 -65
53 95 204
53 96 -126
53 97 9
53 98 20
53 99 16
54 0 -11
54 1 112
54 2 80
54 3 72
54 4 -45
54 5 158
54 6 -73
54 7 77
54 8 -56
54 9 -70
54 10 -2
54 11 79
54 12 -151
54 13 -147
54 14 4
54 15 -39
54 16 -143
54 17 -12
54 18 -179
54 19 -7
54 20 -52
54 21 53
54 22 32
54 23 1
54 24 -90
54 25 3
54 26 81
54 27 -73
54 28 -160
54 29 138
54 30 38
54 31 -12
54 32 -227
54 33 -35
54 34 -20
54 35 31
54 36 98
54 37 4
54 38 -174
54 39 -59
54 40 -40
54 41 -52
54 42 30
54 43 -100
54 44 -7
54 45 -111
54 46 36
54 47 2
54 48 86
54 49 19
54 50 16
54 51 -80
54 52 118
54 53 -37
54 54 978
54 55 26
54 56 137
54 57 -90
54 58 -70
54 59 -56
54 60 228
54 61 -28
54 62 -84
54 63 -131
54 64 -115
54 65 18
54 66 -105
54 67 100
54 68 -88
54 69 37
54 70 80
54 71 104
54 72 33
54 73 -11
54 74 54
54 75 18
54 76 69
54 77 -2
54 78 44
54 79 -62
54 80 7
54 81 -112
54 82 40
54 83 58
54 84 41
54 85 50
54 86 -29
54 87 16
54 88 -26
54 89 26
54 90 -10
54 91 -100
54 92 137
54 93 142
54 94 55
54 95 -33
54 96 -11
54 97 54
54 98 -56
54 99 -92
55 0 14
55 1 15
55 2 105
55 3 60
55 4 -19
55 5 85
55 6 82
55 7 160
55 8 -52
55 9 -39
55 10 -40
55 11 -67
55 12 -64
55 13 -50
55 14 -98
55 15 32
55 16 -31
55 17 43
55 18 69
55 19 55
55 20 -18
55 21 -10
55 23 91
55 24 -32
55 25 -94
55 26 127
55 27 56
55 28 75
55 29 85
55 30 -26
55 31 -67
55 32 -31
55 33 24
55 34 -45
55 35 -32
55 36 -25
55 37 -20
55 38 -118
55 39 24
55 40 12
55 41 47
55 42 93
55 43 -69
55 44 -86
55 45 62
55 46 -77
55 48 -93
55 49 -149
55 50 3
55 51 -8
55 52 104
55 53 55
55 54 26
55 55 677
55 56 -50
55 57 66
55 58 -148
55 59 -47
55 60 121
55 61 90
55 62 54
55 63 -24
55 64 29
55 66 9
55 67 -180
55 68 -7
55 69 44
55 70 10
55 71 -127
55 72 40
55 73 26
55 74 -21
55 75 103
55 76 -7
55 77 -62
55 78 -35
55 79 17
55 80 -43
55 81 -32
55 82 222
55 83 15
55 84 -83
55 86 -38
55 87 51
55 88 50
55 89 -40
55 90 16
55 91 9
55 92 25
55 93 -1
55 94 -2
55 95 -24
55 96 -6
55 97 3
55 98 24
55 99 33
56 0 -2
56 2 -27
56 3 -60
56 4 -63
56 5 180
56 6 -104
56 7 -8
56 8 -36
56 9 33
56 10 54
56 11 95
56 12 -96
56 13 -73
56 14 -41
56 15 -40
56 16 19
56 17 20
56 18 29
56 19 29
56 20 39
56 21 120
56 22 -31
56 24 -90
56 25 -28
56 26 49
56 27 36
56 28 -47
56 29 3
56 30 -46
56 31 15
56 32 56
56 33 72
56 34 18
56 35 -42
56 36 79
56 37 18
56 38 -6
56 39 166
56 40 20
56 41 167
56 42 26
56 43 32
56 44 -1
56 45 -2
56 46 -107
56 47 104
56 48 14
56 49 -12
56 50 47
56 51 36
56 52 58
56 53 -122
56 54 137
56 55 -50
56 56 642
56 57 -63
56 58 53
56 59 31
56 60 70
56 61 88
56 62 -52
56 63 -26
56 64 13
56 65 -25
56 66 56
56 67 104
56 68 -58
56 69 8
56 70 -101
56 71 24
56 72 -86
56 73 32
56 74 -2
56 75 68
56 76 -132
56 77 -11
56 82 -216
56 83 118
56 84 23
56 85 28
56 86 -24
56 87 -126
56 88 -10
56 89 30
56 90 -46
56 91 -55
56 92 -11
56 93 -64
56 94 112
56 95 -132
56 96 36
56 97 17
56 98 18
56 99 -80
57 0 110
57 1 141
57 2 -105
57 3 -44
57 4 41
57 5 -139
57 6 174
57 7 4
57 8 76
57 9 22
57 10 50
57 11 -69
57 12 -16
57 13 -1
57 14 9
57 15 86
57 16 -31
57 17 -42
57 18 103
57 19 -38
57 20 80
57 21 70
57 22 -4
57 23 -26
57 24 -63
57 25 12
57 26 -93
57 27 65
57 28 146
57 29 35
57 30 -52
57 31 30
57 32 -146
57 33 48
57 34 16
57 35 34
57 36 -100
57 37 23
57 38 22
57 39 4
57 40 -24
57 41 48
57 42 -63
57 43 -40
57 44 10
57 45 79
57 46 15
57 47 -49
57 48 40
57 49 -148
57 50 -5
57 51 112
57 52 -22
57 53 20
57 54 -90
57 55 66
57 56 -63
57 57 683
57 58 -4
57 59 -82
57 60 49
57 61 -113
57 62 24
57 63 38
57 64 126
57 65 40
57 66 -54
57 67 37
57 68 -81
57 69 17
57 70 84
57 71 94
57 72 -116
57 73 -16
57 74 42
57 75 11
57 76 -5
57 77 65
57 78 30
57 79 23
57 80 -125
57 81 25
57 82 -5
57 83 53
57 84 92
57 85 -32
57 86 -25
57 87 -32
57 88 104
57 89 44
57 90 -10
57 91 -12
57 92 -34
57 93 66
57 94 -161
57 95 146
57 96 -8
57 97 26
57 98 17
57 99 -78
58 0 109
58 1 -92
58 2 -40
58 4 -38
58 5 39
58 6 -78
58 7 -69
58 8 88
58 9 -72
58 10 -16
58 12 15
58 13 -70
58 14 150
58 15 68
58 16 -47
58 17 36
58 18 -100
58 19 -38
58 20 154
58 21 -76
58 22 127
58 23 26
58 24 34
58 25 26
58 26 -139
58 27 3
58 28 -41
58 29 33
58 30 -60
58 31 -45
58 32 -70
58 33 13
58 34 4
58 35 98
58 36 14
58 37 -87
58 38 56
58 39 12
58 40 3
58 41 27
58 42 -70
58 43 55
58 44 -19
58 45 12
58 46 -135
58 47 40
58 48 58
58 49 76
58 50 -118
58 51 69
58 52 -15
58 53 -155
58 54 -70
58 55 -148
58 56 53
58 57 -4
58 58 881
58 59 -21
58 60 -117
58 61 -59
58 62 -8
58 63 50
58 64 31
58 65 5
58 66 14
58 67 57
58 68 -7
58 69 -134
58 70 26
58 71 -100
58 72 49
58 73 -60
58 74 -20
58 75 -56
58 76 11
58 77 152
58 78 28
58 79 -80
58 80 60
58 81 -38
58 82 -16
58 83 -44
58 84 -53
58 85 -62
58 86 -30
58 88 -76
58 89 -38
58 90 -57
58 91 -124
58 92 -43
58 93 113
58 94 6
58 95 10
58 96 22
58 97 55
58 98 -56
58 99 -17
59 0 42
59 1 -15
59 2 8
59 3 -41
59 4 -27
59 5 76
59 6 -158
59 7 -122
59 8 121
59 9 -101
59 11 -29
59 12 12
59 13 84
59 14 -81
59 15 31
59 16 154
59 17 -10
59 18 1
59 19 31
59 20 -148
59 21 12
59 22 -102
59 23 -16
59 24 -123
59 25 -80
59 26 103
59 27 -64
59 28 -63
59 29 62
59 30 -95
59 31 3
59 32 -45
59 33 95
59 34 85
59 35 -105
59 36 -40
59 37 32
59 38 -83
59 39 74
59 40 -118
59 41 14
59 42 -20
59 43 -36
59 44 48
59 45 -61
59 46 49
59 47 -38
59 48 85
59 49 -5
59 50 23
59 51 135
59 52 -5
59 53 -131
59 54 -56
59 55 -47
59 56 31
59 57 -82
59 58 -21
59 59 981
59 60 -55
59 61 -49
59 62 38
59 63 31
59 64 23
59 65 67
59 66 2
59 67 -4
59 68 181
59 69 6
59 70 -123
59 71 44
59 72 125
59 73 43
59 74 55
59 75 25
59 76 -35
59 77 9
59 78 -46
59 79 140
59 80 6
59 81 2
59 82 12
59 83 -5
59 84 -75
59 85 56
59 86 52
59 87 67
59 88 -36
59 89 72
59 90 -10
59 91 -17
59 92 75
59 93 -7
59 94 -86
59 95 -57
59 96 -106
59 97 190
59 98 -47
59 99 127
60 0 -28
60 1 -46
60 2 -17
60 3 145
60 4 -16
60 5 -15
60 6 61
60 7 54
60 8 -96
60 9 -81
60 10 -49
60 11 4
60 12 -153
60 13 14
60 14 5
60 15 -121
60 16 -36
60 17 -92
60 18 9
60 19 35
60 20 -115
60 21 27
60 22 10
60 23 -60
60 24 -13
60 25 6
60 26 -111
60 27 15
60 28 88
60 29 97
60 30 70
60 31 49
60 32 -104
60 33 -26
60 34 -13
60 35 -25
60 36 50
60 37 98
60 38 35
60 39 22
60 40 -12
60 41 -8
60 42 3
60 43 -90
60 44 -161
60 45 -87
60 46 -140
60 47 41
60 48 -3
60 49 -57
60 50 -13
60 51 42
60 52 -6
60 53 76
60 54 228
60 55 121
60 56 70
60 57 49
60 58 -117
60 59 -55
60 60 864
60 61 22
60 62 71
60 63 -27
60 64 -73
60 66 -38
60 67 -47
60 69 -54
60 70 -2
60 71 25
60 72 -97
60 73 -73
60 74 31
60 75 95
60 76 89
60 77 33
60 78 45
60 79 85
60 80 -15
60 81 -13
60 82 -11
60 83 77
60 84 43
60 85 71
60 86 -87
60 87 32
60 88 -45
60 89 -85
60 90 97
60 91 33
60 92 -78
60 93 -2
60 94 69
60 95 -129
60 96 -81
60 97 8
60 98 -75
60 99 -60
61 0 -239
61 1 -63
61 2 53
61 3 112
61 4 66
61 5 -6
61 6 147
61 7 83
61 8 96
61 9 -39
61 10 -27
61 11 -17
61 12 12
61 13 38
61 14 74
61 15 19
61 16 1
61 17 -61
61 18 168
61 19 30
61 20 167
61 21 85
61 22 -29
61 23 135
61 24 1
61 25 -165
61 26 40
61 27 -61
61 28 40
61 29 -27
61 30 25
61 31 24
61 32 -35
61 33 31
61 34 62
61 36 -60
61 37 -27
61 38 84
61 39 6
61 40 -45
61 41 42
61 42 32
61 44 -40
61 45 35
61 46 -63
61 47 39
61 48 -35
61 49 9
61 50 45
61 51 -50
61 52 63
61 53 -55
61 54 -28
61 55 90
61 56 88
61 57 -113
61 58 -59
61 59 -49
61 60 22
61 61 600
61 62 41
61 63 134
61 64 -20
61 65 -32
61 66 73
61 67 -31
61 68 52
61 69 13
61 70 -35
61 71 4
61 72 -83
61 73 20
61 74 62
61 75 -34
61 76 -54
61 77 -95
61 78 -81
61 79 4
61 80 14
61 81 -41
61 82 86
61 83 14
61 84 34
61 85 -64
61 86 50
61 87 -3
61 88 -21
61 89 86
61 90 -111
61 91 -49
61 92 -18
61 93 -50
61 94 130
61 95 -36
61 96 63
61 97 -42
61 98 62
61 99 -72
62 0 119
62 1 -36
62 2 47
62 3 -9
62 4 -23
62 5 52
62 6 134
62 7 7
62 8 -5
62 9 9
62 10 -25
62 11 25
62 12 84
62 13 94
62 14 -137
62 15 -48
62 16 57
62 17 -52
62 18 123
62 19 15
62 20 87
62 21 26
62 22 15
62 23 37
62 24 63
62 26 -129
62 27 34
62 28 21
62 29 -3
62 30 44
62 31 -5
62 32 1
62 33 55
62 34 92
62 35 -66
62 36 56
62 37 125
62 38 -18
62 39 -38
62 40 164
62 41 20
62 42 15
62 43 -120
62 44 59
62 45 -1
62 46 132
62 47 25
62 48 31
62 49 7
62 50 -13
62 51 -134
62 52 -102
62 53 8
62 54 -84
62 55 54
62 56 -52
62 57 24
62 58 -8
62 59 38
62 60 71
62 61 41
62 62 818
62 63 18
62 64 -51
62 65 54
62 66 84
62 67 -8
62 68 -46
62 69 -124
62 70 -124
62 71 6
62 72 -41
62 73 -13
62 74 143
62 75 -17
62 76 -69
62 77 98
62 78 -18
62 79 -29
62 80 -65
62 81 -16
62 82 99
62 83 46
62 84 8
62 86 -21
62 87 -25
62 88 4
62 89 -69
62 90 75
62 91 -115
62 92 136
62 93 90
62 94 -43
62 95 -2
62 96 -23
62 97 -1
62 98 -72
62 99 -62
63 0 -33
63 1 106
63 2 -46
63 3 -109
63 4 -24
63 5 -296
63 6 -20
63 7 -45
63 8 43
63 9 -69
63 10 53
63 11 -73
63 12 -236
63 13 36
63 14 -19
63 15 -18
63 16 -37
63 17 17
63 18 25
63 19 -140
63 20 -22
63 21 -125
63 22 -32
63 23 37
63 24 46
63 25 -166
63 26 -5
63 27 124
63 28 29
63 29 -70
63 30 -19
63 31 37
63 32 -94
63 33 -78
63 34 160
63 35 23
63 36 63
63 37 -102
63 38 2
63 39 -12
63 40 96
63 41 40
63 42 -12
63 43 23
63 44 -2
63 45 28
63 46 4
63 47 12
63 48 19
63 49 115
63 50 43
63 51 124
63 52 -135
63 53 20
63 54 -131
63 55 -24
63 56 -26
63 57 38
63 58 50
63 59 31
63 60 -27
63 61 134
63 62 18
63 63 988
63 64 98
63 65 32
63 66 54
63 67 -89
63 68 51
63 69 -6
63 70 -9
63 71 75
63 72 -86
63 73 84
63 74 104
63 76 38
63 77 -16
63 78 -5
63 79 7
63 80 -16
63 81 41
63 82 -193
63 83 -97
63 84 118
63 85 -34
63 86 46
63 87 16
63 88 -42
63 89 -35
63 90 -63
63 91 2
63 92 84
63 93 50
63 94 15
63 95 -64
63 96 -6
63 97 -82
63 98 64
63 99 25
64 0 67
64 1 -3
64 2 -146
64 3 -148
64 4 57
64 5 -184
64 6 -76
64 7 58
64 8 11
64 9 76
64 10 32
64 11 -68
64 12 86
64 13 -53
64 14 32
64 15 23
64 16 100
64 17 189
64 18 102
64 19 59
64 20 -90
64 21 -117
64 22 -69
64 23 9
64 24 -5
64 25 -99
64 26 67
64 27 -78
64 28 121
64 29 47
64 30 -124
64 31 10
64 32 74
64 33 -88
64 34 77
64 35 46
64 36 -25
64 37 56
64 38 32
64 39 95
64 40 77
64 41 10
64 42 -112
64 43 -3
64 44 -108
64 45 120
64 46 -45
64 47 42
64 48 114
64 49 57
64 50 31
64 51 174
64 52 -2
64 53 -35
64 54 -115
64 55 29
64 56 13
64 57 126
64 58 31
64 59 23
64 60 -73
64 61 -20
64 62 -51
64 63 98
64 64 933
64 65 36
64 66 -35
64 67 139
64 68 -28
64 69 -66
64 70 -3
64 71 121
64 72 32
64 73 -93
64 74 27
64 75 -41
64 76 105
64 77 52
64 78 -45
64 79 -66
64 80 13
64 81 35
64 82 -78
64 83 -68
64 84 11
64 85 34
64 86 -13
64 87 -61
64 88 40
64 89 69
64 90 -106
64 91 -89
64 92 85
64 93 -5
64 94 -81
64 95 -111
64 96 45
64 97 55
64 98 21
64 99 -13
65 0 78
65 1 35
65 2 -14
65 3 20
65 4 75
65 5 -127
65 6 12
65 7 -38
65 8 -60
65 9 96
65 11 -96
65 12 -12
65 13 -5
65 14 29
65 15 -138
65 16 101
65 17 16
65 18 18
65 19 -26
65 20 -123
65 21 -12
65 22 -4
65 23 -105
65 24 -7
65 25 -3
65 26 -34
65 27 47
65 29 -45
65 30 30
65 31 46
65 32 64
65 33 56
65 34 -12
65 35 -21
65 36 2
65 37 14
65 38 28
65 39 28
65 40 99
65 41 5
65 42 8
65 43 37
65 44 -44
65 45 32
65 46 -15
65 47 14
65 48 69
65 49 -33
65 50 24
65 51 16
65 52 130
65 53 -53
65 54 18
65 56 -25
65 57 40
65 58 5
65 59 67
65 61 -32
65 62 54
65 63 32
65 64 36
65 65 489
65 66 8
65 67 -37
65 68 -55
65 69 -52
65 70 14
65 71 -6
65 72 44
65 74 79
65 75 32
65 76 19
65 77 -86
65 78 90
65 79 6
65 80 -46
65 81 24
65 82 18
65 83 -2
65 84 61
65 85 -58
65 86 18
65 87 -14
65 88 -40
65 90 -4
65 91 8
65 93 107
65 94 24
65 95 40
65 96 -16
65 97 -26
65 98 -100
65 99 104
66 0 -24
66 1 -31
66 2 40
66 4 41
66 5 -25
66 6 138
66 8 -56
66 9 29
66 10 -18
66 11 8
66 12 70
66 13 154
66 14 39
66 15 -34
66 16 16
66 17 -145
66 18 -22
66 20 80
66 21 -64
66 22 -117
66 23 15
66 24 91
66 25 -18
66 26 80
66 27 8
66 28 -4
66 29 14
66 30 -101
66 31 92
66 32 134
66 33 -4
66 35 21
66 36 -1
66 37 -30
66 38 36
66 39 -9
66 40 49
66 41 15
66 42 53
66 43 -24
66 44 113
66 47 -34
66 48 -33
66 49 9
66 50 -32
66 51 -90
66 52 -23
66 53 -20
66 54 -105
66 55 9
66 56 56
66 57 -54
66 58 14
66 59 2
66 60 -38
66 61 73
66 62 84
66 63 54
66 64 -35
66 65 8
66 66 405
66 67 -75
66 68 9
66 69 -70
66 70 -63
66 71 -38
66 72 -7
66 73 4
66 74 56
66 75 -7
66 76 32
66 77 2
66 78 63
66 79 5
66 80 83
66 81 -80
66 82 128
66 83 -18
66 84 14
66 85 -10
66 86 63
66 87 -3
66 89 58
66 90 56
66 91 -19
66 92 -22
66 93 7
66 95 -71
66 96 44
66 97 -9
66 98 -12
66 99 5
67 0 -23
67 1 37
67 2 -64
67 3 -142
67 4 -58
67 5 94
67 6 -50
67 7 11
67 8 48
67 9 16
67 10 15
67 11 40
67 12 24
67 13 -80
67 15 40
67 16 -4
67 17 111
67 18 45
67 19 110
67 20 132
67 21 45
67 22 2
67 23 -18
67 24 -23
67 25 35
67 26 -1
67 27 -80
67 28 -52
67 29 -1
67 30 3
67 31 8
67 32 -26
67 33 23
67 34 -36
67 35 -34
67 36 123
67 37 34
67 38 28
67 39 -16
67 40 4
67 41 -1
67 42 -58
67 43 -35
67 44 -37
67 45 82
67 46 -116
67 47 -36
67 48 80
67 49 30
67 50 54
67 51 73
67 52 20
67 53 -35
67 54 100
67 55 -180
67 56 104
67 57 37
67 58 57
67 59 -4
67 60 -47
67 61 -31
67 62 -8
67 63 -89
67 64 139
67 65 -37
67 66 -75
67 67 535
67 68 -15
67 69 -68
67 70 45
67 71 4
67 72 -22
67 73 -52
67 74 34
67 75 40
67 76 26
67 77 39
67 79 -50
67 80 -12
67 81 -46
67 82 -92
67 83 3
67 84 74
67 86 39
67 87 -88
67 88 -4
67 89 51
67 90 84
67 91 -61
67 92 -9
67 93 -6
67 94 109
67 95 -54
67 96 10
67 97 27
67 98 -30
67 99 -70
68 0 -10
68 2 101
68 3 4
68 4 -118
68 5 -28
68 6 -67
68 7 107
68 8 94
68 9 -39
68 10 69
68 11 -146
68 12 59
68 13 153
68 14 -29
68 15 58
68 16 70
68 17 -1
68 18 29
68 19 12
68 20 -86
68 21 -96
68 22 70
68 23 -5
68 24 64
68 25 20
68 26 176
68 27 24
68 28 -44
68 29 6
68 30 5
68 31 -72
68 32 43
68 33 -11
68 34 1
68 35 -5
68 36 73
68 37 -42
68 39 -5
68 40 -16
68 41 66
68 42 -108
68 43 -63
68 44 -81
68 45 7
68 46 -63
68 47 8
68 48 -53
68 49 13
68 50 -29
68 51 20
68 52 22
68 53 -54
68 54 -88
68 55 -7
68 56 -58
68 57 -81
68 58 -7
68 59 181
68 61 52
68 62 -46
68 63 51
68 64 -28
68 65 -55
68 66 9
68 67 -15
68 68 617
68 69 -101
68 70 -31
68 71 -47
68 72 18
68 73 -14
68 74 -23
68 75 -21
68 76 7
68 77 51
68 78 -11
68 79 113
68 80 -39
68 81 8
68 82 39
68 83 -5
68 84 -78
68 85 38
68 86 10
68 87 40
68 89 4
68 90 -141
68 91 39
68 92 -6
68 93 -111
68 94 -65
68 95 -104
68 96 1
68 98 56
68 99 63
69 0 -10
69 1 37
69 2 89
69 3 -16
69 4 48
69 5 185
69 6 -4
69 7 -40
69 8 -5
69 9 -20
69 11 -32
69 12 -109
69 13 5
69 14 63
69 15 59
69 16 117
69 17 12
69 18 -52
69 19 52
69 20 -63
69 21 84
69 22 -69
69 23 80
69 24 -36
69 25 10
69 26 -34
69 27 4
69 28 -25
69 30 -66
69 31 116
69 32 -52
69 33 89
69 34 6
69 35 -69
69 36 -60
69 37 20
69 38 -37
69 39 146
69 40 -128
69 41 -16
69 42 -12
69 43 177
69 44 54
69 45 -14
69 46 34
69 47 90
69 48 -70
69 49 6
69 50 26
69 51 48
69 52 -8
69 53 7
69 54 37
69 55 44
69 56 8
69 57 17
69 58 -134
69 59 6
69 60 -54
69 61 13
69 62 -124
69 63 -6
69 64 -66
69 65 -52
69 66 -70
69 67 -68
69 68 -101
69 69 724
69 70 76
69 71 12
69 72 -67
69 73 149
69 74 -250
69 75 40
69 76 -20
69 77 -85
69 78 -46
69 79 -12
69 80 -72
69 81 2
69 82 -112
69 83 17
69 84 113
69 85 32
69 86 8
69 87 -9
69 88 10
69 89 -100
69 90 -24
69 91 21
69 92 -22
69 93 -24
69 94 -15
69 95 13
69 96 72
69 97 81
69 98 80
69 99 84
70 0 -73
70 1 26
70 2 45
70 3 3
70 4 29
70 5 13
70 6 -97
70 7 -18
70 8 12
70 9 -99
70 11 -42
70 12 -90
70 13 -70
70 14 76
70 15 29
70 16 71
70 17 -18
70 18 -10
70 19 2
70 20 -84
70 21 -218
70 22 -137
70 23 -66
70 24 -4
70 25 66
70 26 -30
70 27 -57
70 28 -36
70 29 17
70 30 -65
70 31 -7
70 32 -57
70 33 87
70 34 -76
70 35 -49
70 36 210
70 37 -4
70 38 -18
70 39 7
70 40 54
70 41 -134
70 42 -66
70 43 -44
70 44 56
70 45 -20
70 46 -1
70 47 12
70 48 -65
70 49 3
70 50 -71
70 51 57
70 52 6
70 53 88
70 54 80
70 55 10
70 56 -101
70 57 84
70 58 26
70 59 -123
70 60 -2
70 61 -35
70 62 -124
70 63 -9
70 64 -3
70 65 14
70 66 -63
70 67 45
70 68 -31
70 69 76
70 70 789
70 71 -3
70 72 120
70 73 -65
70 74 -53
70 75 10
70 76 -33
70 77 -7
70 78 7
70 79 -3
70 80 146
70 81 -83
70 82 -27
70 83 -16
70 84 160
70 85 -63
70 86 -2
70 87 4
70 88 39
70 89 31
70 90 116
70 91 90
70 92 -15
70 93 -95
70 94 -76
70 95 45
70 96 24
70 97 34
70 98 -136
70 99 -9
71 0 -84
71 2 -140
71 3 100
71 4 52
71 5 -86
71 6 60
71 7 -61
71 8 5
71 9 -78
71 10 -39
71 11 -43
71 12 -24
71 13 52
71 14 -31
71 15 -46
71 16 25
71 17 -10
71 18 -67
71 19 44
71 20 -35
71 21 -33
71 22 30
71 23 -126
71 24 -21
71 25 -6
71 26 -32
71 27 -14
71 28 25
71 29 48
71 30 40
71 31 -149
71 32 26
71 33 -77
71 34 78
71 35 -109
71 36 -115
71 37 38
71 38 -72
71 39 67
71 40 -5
71 41 10
71 42 7
71 43 46
71 45 54
71 46 44
71 47 1
71 48 26
71 49 63
71 50 -10
71 51 -63
71 52 -71
71 53 -85
71 54 104
71 55 -127
71 56 24
71 57 94
71 58 -100
71 59 44
71 60 25
71 61 4
71 62 6
71 63 75
71 64 121
71 65 -6
71 66 -38
71 67 4
71 68 -47
71 69 12
71 70 -3
71 71 710
71 72 -7
71 73 21
71 75 -69
71 76 -51
71 77 23
71 78 -50
71 79 -50
71 80 45
71 81 6
71 82 -89
71 83 79
71 84 1
71 85 47
71 86 -44
71 87 -5
71 88 68
71 89 59
71 90 -43
71 91 -7
71 92 -22
71 93 -24
71 94 30
71 95 -144
71 96 6
71 97 14
71 99 -55
72 0 31
72 1 -56
72 2 73
72 3 61
72 4 -33
72 5 -36
72 6 27
72 7 -102
72 8 -43
72 9 -156
72 10 22
72 11 58
72 12 76
72 13 12
72 14 -167
72 15 -19
72 16 13
72 17 137
72 18 21
72 19 5
72 20 -68
72 21 -133
72 22 53
72 23 10
72 24 27
72 25 4
72 26 -3
72 27 -33
72 28 -6
72 29 -21
72 30 -122
72 31 -107
72 32 23
72 33 -3
72 34 -81
72 35 48
72 36 -75
72 37 105
72 38 5
72 39 89
72 40 -11
72 41 -133
72 43 -75
72 44 16
72 45 -30
72 46 -74
72 47 -93
72 48 -59
72 49 78
72 50 9
72 51 -17
72 52 70
72 53 15
72 54 33
72 55 40
72 56 -86
72 57 -116
72 58 49
72 59 125
72 60 -97
72 61 -83
72 62 -41
72 63 -86
72 64 32
72 65 44
72 66 -7
72 67 -22
72 68 18
72 69 -67
72 70 120
72 71 -7
72 72 853
72 73 29
72 74 -116
72 75 -25
72 76 -142
72 77 42
72 78 -67
72 79 -143
72 80 -72
72 81 -18
72 82 176
72 83 -32
72 84 -3
72 85 -28
72 86 54
72 87 -52
72 88 73
72 89 38
72 90 60
72 91 -84
72 92 -30
72 93 -66
72 94 -83
72 95 42
72 96 20
72 97 -30
72 98 -55
72 99 -74
73 0 -11
73 1 121
73 2 -27
73 3 -1
73 4 38
73 5 166
73 6 21
73 7 -12
73 8 20
73 9 56
73 10 -64
73 11 13
73 12 -115
73 13 -22
73 14 -80
73 15 -63
73 16 189
73 17 4
73 18 -66
73 19 143
73 20 -51
73 21 -20
73 22 -27
73 23 57
73 25 -13
73 26 -118
73 27 -18
73 28 52
73 29 -7
73 30 -10
73 31 67
73 32 -35
73 33 71
73 34 -30
73 35 -128
73 36 -107
73 37 -14
73 38 -11
73 39 183
73 40 -32
73 41 29
73 42 97
73 43 54
73 45 -101
73 46 66
73 47 2
73 48 14
73 50 -57
73 51 -50
73 52 120
73 53 -96
73 54 -11
73 55 26
73 56 32
73 57 -16
73 58 -60
73 59 43
73 60 -73
73 61 20
73 62 -13
73 63 84
73 64 -93
73 66 4
73 67 -52
73 68 -14
73 69 149
73 70 -65
73 71 21
73 72 29
73 73 852
73 74 99
73 75 -61
73 76 28
73 77 1
73 78 -33
73 79 31
73 80 -158
73 82 -62
73 83 -133
73 84 139
73 86 85
73 87 3
73 88 50
73 89 -34
73 90 -43
73 91 42
73 92 -163
73 93 108
73 94 -5
73 95 8
73 96 47
73 97 -9
73 98 107
73 99 -10
74 0 -16
74 1 -43
74 2 40
74 3 5
74 4 -50
74 5 95
74 6 16
74 7 -22
74 8 184
74 9 119
74 10 46
74 11 70
74 12 -119
74 13 -4
74 14 -188
74 15 -41
74 16 115
74 17 15
74 18 59
74 19 -4
74 20 92
74 21 -24
74 22 -70
74 23 24
74 24 -19
74 25 -18
74 26 -82
74 27 -115
74 29 -37
74 30 74
74 31 134
74 32 -54
74 33 60
74 34 -15
74 35 -24
74 36 106
74 37 14
74 38 43
74 39 -3
74 40 121
74 41 130
74 42 -12
74 45 12
74 46 162
74 47 -48
74 48 137
74 49 -108
74 50 -12
74 51 -8
74 52 60
74 53 18
74 54 54
74 55 -21
74 56 -2
74 57 42
74 58 -20
74 59 55
74 60 31
74 61 62
74 62 143
74 63 104
74 64 27
74 65 79
74 66 56
74 67 34
74 68 -23
74 69 -250
74 70 -53
74 72 -116
74 73 99
74 74 868
74 75 105
74 76 65
74 77 16
74 78 50
74 79 35
74 80 5
74 81 -67
74 82 -3
74 83 -6
74 84 -44
74 85 -63
74 86 37
74 87 88
74 88 26
74 89 228
74 90 -28
74 91 26
74 92 15
74 93 48
74 94 62
74 95 -47
74 96 -10
74 97 -10
74 98 57
74 99 -30
75 0 104
75 1 -44
75 2 6
75 3 -89
75 4 -72
75 5 45
75 6 17
75 7 50
75 8 -54
75 9 65
75 10 -60
75 11 96
75 12 36
75 13 -96
75 15 -69
75 16 23
75 17 -20
75 18 -48
75 19 -23
75 20 149
75 21 15
75 22 13
75 23 -47
75 24 22
75 25 78
75 26 -50
75 28 -39
75 29 -34
75 30 63
75 31 -22
75 32 -32
75 33 -48
75 34 -54
75 36 168
75 38 8
75 39 132
75 40 36
75 41 67
75 42 3
75 43 123
75 44 50
75 45 42
75 46 -36
75 47 76
75 48 -135
75 49 -91
75 50 48
75 51 -48
75 52 210
75 53 103
75 54 18
75 55 103
75 56 68
75 57 11
75 58 -56
75 59 25
75 60 95
75 61 -34
75 62 -17
75 64 -41
75 65 32
75 66 -7
75 67 40
75 68 -21
75 69 40
75 70 10
75 71 -69
75 72 -25
75 73 -61
75 74 105
75 75 705
75 76 -41
75 77 -70
75 78 2
75 79 -77
75 80 12
75 81 -105
75 82 -7
75 83 64
75 84 -130
75 85 -63
75 86 -23
75 87 -42
75 88 21
75 89 32
75 90 137
75 91 33
75 92 -116
75 93 -29
75 94 95
75 95 -115
75 96 -17
75 98 31
75 99 -17
76 0 27
76 1 69
76 2 -6
76 4 -61
76 5 -82
76 6 77
76 7 -15
76 9 -28
76 10 -9
76 11 -107
76 12 -111
76 13 28
76 14 115
76 15 28
76 16 44
76 17 12
76 18 -34
76 19 -101
76 20 94
76 21 -66
76 22 12
76 23 -38
76 24 83
76 25 4
76 26 -105
76 27 -13
76 28 -26
76 29 -5
76 30 -4
76 31 -23
76 32 -22
76 33 -38
76 34 44
76 35 -11
76 36 -5
76 37 -68
76 38 68
76 39 -156
76 40 -72
76 41 71
76 43 10
76 44 20
76 45 -24
76 46 -20
76 47 -30
76 48 46
76 49 -30
76 50 -6
76 51 76
76 52 -42
76 53 28
76 54 69
76 55 -7
76 56 -132
76 57 -5
76 58 11
76 59 -35
76 60 89
76 61 -54
76 62 -69
76 63 38
76 64 105
76 65 19
76 66 32
76 67 26
76 68 7
76 69 -20
76 70 -33
76 71 -51
76 72 -142
76 73 28
76 74 65
76 75 -41
76 76 642
76 78 2
76 79 -63
76 80 -30
76 81 -14
76 82 60
76 83 -62
76 84 -74
76 85 56
76 86 -2
76 87 65
76 88 -47
76 89 -108
76 90 -41
76 91 12
76 92 9
76 93 30
76 94 4
76 95 22
76 96 62
76 97 -4
76 98 51
76 99 64
77 0 -12
77 1 -48
77 2 -97
77 3 82
77 4 -202
77 5 -15
77 6 -16
77 7 24
77 8 134
77 9 10
77 10 96
77 11 -1
77 12 167
77 13 10
77 14 -84
77 15 -51
77 16 116
77 17 -62
77 18 -26
77 19 81
77 20 -113
77 21 -275
77 22 52
77 23 -32
77 24 6
77 25 -50
77 26 16
77 27 -123
77 28 66
77 29 -20
77 30 16
77 31 -100
77 32 34
77 33 -90
77 34 88
77 35 21
77 36 25
77 37 163
77 38 29
77 39 4
77 40 15
77 41 -129
77 42 -122
77 43 -85
77 44 59
77 45 -34
77 46 120
77 47 -21
77 48 -64
77 49 36
77 50 50
77 51 -20
77 52 -36
77 53 61
77 54 -2
77 55 -62
77 56 -11
77 57 65
77 58 152
77 59 9
77 60 33
77 61 -95
77 62 98
77 63 -16
77 64 52
77 65 -86
77 66 2
77 67 39
77 68 51
77 69 -85
77 70 -7
77 71 23
77 72 42
77 73 1
77 74 16
77 75 -70
77 77 872
77 78 -63
77 79 167
77 80 -136
77 81 42
77 82 126
77 83 170
77 84 -45
77 85 -2
77 86 -56
77 87 -4
77 88 101
77 89 -47
77 90 -130
77 91 66
77 92 -39
77 93 70
77 94 56
77 95 41
77 96 -40
77 97 119
77 98 -167
77 99 -139
78 0 75
78 1 -7
78 2 63
78 3 -8
78 4 -40
78 5 46
78 6 -63
78 7 15
78 8 34
78 9 47
78 10 -32
78 11 -61
78 12 16
78 13 97
78 14 -71
78 15 -2
78 16 4
78 17 -108
78 18 36
78 19 -36
78 20 -66
78 21 36
78 22 -105
78 23 -41
78 24 -12
78 25 6
78 26 20
78 27 72
78 29 -54
78 30 107
78 31 59
78 32 24
78 33 -22
78 34 -11
78 35 85
78 36 22
78 37 -3
78 38 -27
78 39 2
78 40 93
78 41 4
78 42 -96
78 43 52
78 44 -63
78 45 -16
78 47 -54
78 48 118
78 49 12
78 50 -42
78 52 -36
78 53 38
78 54 44
78 55 -35
78 57 30
78 58 28
78 59 -46
78 60 45
78 61 -81
78 62 -18
78 63 -5
78 64 -45
78 65 90
78 66 63
78 68 -11
78 69 -46
78 70 7
78 71 -50
78 72 -67
78 73 -33
78 74 50
78 75 2
78 76 2
78 77 -63
78 78 390
78 79 52
78 80 70
78 81 36
78 82 69
78 83 -12
78 84 38
78 85 37
78 87 -5
78 88 -165
78 89 80
78 90 -79
78 92 -14
78 93 80
78 94 -72
78 95 -81
78 96 12
78 97 55
78 98 -40
78 99 137
79 0 -55
79 1 -12
79 2 -69
79 3 91
79 4 20
79 5 36
79 6 -3
79 7 21
79 8 54
79 9 76
79 10 105
79 11 -87
79 12 -98
79 13 55
79 14 2
79 15 -13
79 16 39
79 17 -63
79 18 -27
79 19 -21
79 20 -208
79 21 11
79 22 -116
79 23 6
79 24 7
79 25 -36
79 26 157
79 28 -3
79 29 35
79 30 80
79 31 36
79 32 34
79 33 26
79 34 36
79 35 -9
79 36 -10
79 37 18
79 38 32
79 39 84
79 40 -7
79 41 -12
79 42 -80
79 43 -47
79 44 -10
79 46 80
79 47 36
79 48 23
79 49 -50
79 50 63
79 52 -18
79 53 -24
79 54 -62
79 55 17
79 57 23
79 58 -80
79 59 140
79 60 85
79 61 4
79 62 -29
79 63 7
79 64 -66
79 65 6
79 66 5
79 67 -50
79 68 113
79 69 -12
79 70 -3
79 71 -50
79 72 -143
79 73 31
79 74 35
79 75 -77
79 76 -63
79 77 167
79 78 52
79 79 509
79 80 -9
79 81 50
79 82 -17
79 83 95
79 84 35
79 85 -24
79 86 3
79 87 -31
79 88 -42
79 89 33
79 90 -27
79 91 139
79 92 -21
79 93 120
79 95 -58
79 96 -142
79 97 104
79 98 28
79 99 17
80 0 -34
80 1 -52
80 2 -21
80 3 10
80 4 111
80 5 -44
80 6 -127
80 7 6
80 8 -15
80 9 -174
80 10 13
80 11 -53
80 12 39
80 13 129
80 14 25
80 15 121
80 16 -170
80 17 -54
80 18 -31
80 19 -117
80 20 22
80 21 6
80 22 -141
80 23 19
80 24 7
80 25 -44
80 26 153
80 27 -32
80 28 -53
80 29 228
80 30 2
80 31 -1
80 32 121
80 33 72
80 34 -71
80 35 39
80 36 123
80 37 -228
80 38 -65
80 39 -68
80 40 126
80 41 -2
80 43 -34
80 44 60
80 45 42
80 46 -117
80 47 -86
80 48 -49
80 49 151
80 50 -60
80 51 9
80 52 21
80 53 47
80 54 7
80 55 -43
80 57 -125
80 58 60
80 59 6
80 60 -15
80 61 14
80 62 -65
80 63 -16
80 64 13
80 65 -46
80 66 83
80 67 -12
80 68 -39
80 69 -72
80 70 146
80 71 45
80 72 -72
80 73 -158
80 74 5
80 75 12
80 76 -30
80 77 -136
80 78 70
80 79 -9
80 80 1019
80 81 -47
80 82 -31
80 83 -103
80 84 -133
80 85 -83
80 86 1
80 87 -16
80 88 -32
80 89 35
80 90 -6
80 91 95
80 92 -2
80 93 38
80 94 106
80 95 -127
80 96 -51
80 97 -158
80 98 -92
80 99 -42
81 0 74
81 1 -30
81 2 14
81 3 -15
81 4 16
81 5 -34
81 6 -109
81 7 7
81 8 -99
81 9 -4
81 10 27
81 11 -22
81 12 21
81 13 -4
81 14 6
81 15 -63
81 16 -8
81 17 -47
81 18 -22
81 19 -81
81 21 8
81 22 -18
81 23 -85
81 24 -18
81 25 -43
81 26 -37
81 27 -45
81 28 37
81 29 -102
81 30 37
81 31 87
81 32 67
81 33 -112
81 34 -53
81 35 91
81 36 -136
81 37 106
81 38 -4
81 39 -52
81 40 -31
81 41 22
81 42 15
81 43 58
81 45 43
81 46 21
81 47 -99
81 48 64
81 49 -74
81 50 -8
81 51 113
81 52 57
81 53 38
81 54 -112
81 55 -32
81 57 25
81 58 -38
81 59 2
81 60 -13
81 61 -41
81 62 -16
81 63 41
81 64 35
81 65 24
81 66 -80
81 67 -46
81 68 8
81 69 2
81 70 -83
81 71 6
81 72 -18
81 74 -67
81 75 -105
81 76 -14
81 77 42
81 78 36
81 79 50
81 80 -47
81 81 711
81 82 -63
81 83 -7
81 84 -12
81 85 15
81 86 -47
81 87 -143
81 88 -35
81 89 -72
81 90 -141
81 91 39
81 92 8
81 93 -68
81 94 -59
81 95 -27
81 96 2
81 97 90
81 98 48
81 99 10
82 0 44
82 1 -75
82 2 151
82 3 58
82 4 -3
82 5 -86
82 6 168
82 7 -16
82 8 63
82 9 -120
82 10 -12
82 11 23
82 12 161
82 13 223
82 14 -8
82 15 13
82 16 -10
82 17 -166
82 18 36
82 19 -68
82 20 52
82 21 80
82 22 5
82 23 48
82 24 70
82 25 -81
82 26 137
82 27 -52
82 28 62
82 29 -10
82 30 68
82 31 29
82 32 -78
82 33 -13
82 34 -85
82 35 62
82 36 -22
82 37 60
82 38 -96
82 39 -110
82 40 38
82 41 -54
82 42 51
82 43 -38
82 44 -46
82 45 39
82 46 37
82 47 -125
82 48 -33
82 49 -29
82 50 23
82 51 -187
82 52 -25
82 53 -46
82 54 40
82 55 222
82 56 -216
82 57 -5
82 58 -16
82 59 12
82 60 -11
82 61 86
82 62 99
82 63 -193
82 64 -78
82 65 18
82 66 128
82 67 -92
82 68 39
82 69 -112
82 70 -27
82 71 -89
82 72 176
82 73 -62
82 74 -3
82 75 -7
82 76 60
82 77 126
82 78 69
82 79 -17
82 80 -31
82 81 -63
82 82 921
82 83 -56
82 84 17
82 85 -15
82 86 56
82 87 79
82 88 94
82 89 7
82 90 -19
82 91 -50
82 92 -47
82 93 -90
82 94 58
82 95 -123
82 96 36
82 97 38
82 98 -72
82 99 103
83 0 33
83 1 52
83 2 -165
83 3 90
83 4 -23
83 5 -22
83 6 81
83 7 -96
83 8 -35
83 9 49
83 10 10
83 11 -36
83 12 127
83 13 -8
83 14 -30
83 15 -20
83 16 -37
83 17 24
83 18 80
83 19 -6
83 20 -3
83 21 -70
83 22 -33
83 23 -34
83 24 34
83 25 -93
83 26 65
83 27 14
83 28 55
83 29 -33
83 30 2
83 31 -107
83 32 71
83 33 -2
83 34 -32
83 35 40
83 36 -36
83 37 18
83 38 -26
83 39 106
83 40 -18
83 41 -74
83 42 -72
83 43 23
83 44 8
83 45 -11
83 46 -105
83 47 52
83 48 63
83 49 -54
83 50 148
83 51 -92
83 52 87
83 53 -73
83 54 58
83 55 15
83 56 118
83 57 53
83 58 -44
83 59 -5
83 60 77
83 61 14
83 62 46
83 63 -97
83 64 -68
83 65 -2
83 66 -18
83 67 3
83 68 -5
83 69 17
83 70 -16
83 71 79
83 72 -32
83 73 -133
83 74 -6
83 75 64
83 76 -62
83 77 170
83 78 -12
83 79 95
83 80 -103
83 81 -7
83 82 -56
83 83 701
83 84 -76
83 85 48
83 86 60
83 87 -15
83 88 150
83 89 -50
83 90 -29
83 91 15
83 92 87
83 93 -14
83 94 48
83 95 -76
83 96 -38
83 97 64
83 98 3
83 99 -55
84 0 -60
84 1 69
84 2 -72
84 3 -64
84 4 25
84 5 -90
84 6 53
84 7 -44
84 8 13
84 9 59
84 10 -7
84 11 -53
84 12 -70
84 13 -143
84 14 -6
84 15 34
84 16 68
84 17 17
84 18 11
84 19 49
84 20 -97
84 21 95
84 22 -99
84 24 -43
84 25 -31
84 26 24
84 27 2
84 28 -3
84 29 -54
84 30 8
84 31 178
84 32 -78
84 33 57
84 34 -64
84 35 -3
84 36 39
84 37 36
84 39 -29
84 40 68
84 41 -68
84 42 -12
84 43 -57
84 44 44
84 45 9
84 46 60
84 48 51
84 49 14
84 50 52
84 51 68
84 52 -24
84 53 -80
84 54 41
84 55 -83
84 56 23
84 57 92
84 58 -53
84 59 -75
84 60 43
84 61 34
84 62 8
84 63 118
84 64 11
84 65 61
84 66 14
84 67 74
84 68 -78
84 69 113
84 70 160
84 71 1
84 72 -3
84 73 139
84 74 -44
84 75 -130
84 76 -74
84 77 -45
84 78 38
84 79 35
84 80 -133
84 81 -12
84 82 17
84 83 -76
84 84 741
84 85 -32
84 86 36
84 87 -39
84 88 -34
84 89 -33
84 90 59
84 91 -12
84 92 -44
84 93 -13
84 94 8
84 95 105
84 96 -18
84 97 47
84 98 81
84 99 45
85 0 -52
85 1 -46
85 2 -7
85 3 -77
85 4 -68
85 5 37
85 6 -22
85 7 40
85 8 -24
85 10 -64
85 11 63
85 12 -18
85 13 48
85 14 -30
85 15 -16
85 16 36
85 17 -64
85 18 4
85 19 -7
85 20 -20
85 21 -36
85 22 16
85 23 -20
85 24 -78
85 25 40
85 26 -100
85 27 -83
85 28 -10
85 29 82
85 30 37
85 31 -14
85 32 72
85 33 80
85 34 -32
85 35 -65
85 36 -38
85 37 -30
85 38 -59
85 39 -51
85 40 -42
85 43 -48
85 44 -56
85 45 -12
85 46 -99
85 48 7
85 51 63
85 52 -12
85 53 -67
85 54 50
85 56 28
85 57 -32
85 58 -62
85 59 56
85 60 71
85 61 -64
85 63 -34
85 64 34
85 65 -58
85 66 -10
85 68 38
85 69 32
85 70 -63
85 71 47
85 72 -28
85 74 -63
85 75 -63
85 76 56
85 77 -2
85 78 37
85 79 -24
85 80 -83
85 81 15
85 82 -15
85 83 48
85 84 -32
85 85 539
85 86 -36
85 87 54
85 88 -72
85 89 -83
85 90 -73
85 93 -88
85 94 13
85 95 -32
85 96 36
85 98 -20
85 99 65
86 0 -25
86 1 -65
86 2 -10
86 3 -84
86 4 24
86 5 -14
86 6 -1
86 7 -74
86 8 -1
86 9 79
86 10 -25
86 11 99
86 12 -76
86 13 33
86 14 77
86 15 2
86 16 33
86 17 -53
86 18 -42
86 19 -9
86 20 59
86 21 89
86 22 2
86 23 83
86 24 78
86 25 -12
86 26 67
86 27 -3
86 28 26
86 29 25
86 30 -7
86 31 17
86 32 80
86 33 -6
86 34 -131
86 35 3
86 36 68
86 37 -12
86 38 42
86 39 35
86 40 20
86 41 34
86 42 -3
86 43 -31
86 44 -32
86 45 42
86 46 -31
86 47 -40
86 48 -44
86 49 -14
86 50 48
86 51 -75
86 52 81
86 53 18
86 54 -29
86 55 -38
86 56 -24
86 57 -25
86 58 -30
86 59 52
86 60 -87
86 61 50
86 62 -21
86 63 46
86 64 -13
86 65 18
86 66 63
86 67 39
86 68 10
86 69 8
86 70 -2
86 71 -44
86 72 54
86 73 85
86 74 37
86 75 -23
86 76 -2
86 77 -56
86 79 3
86 80 1
86 81 -47
86 82 56
86 83 60
86 84 36
86 85 -36
86 86 449
86 87 34
86 89 11
86 90 -20
86 91 -36
86 92 -35
86 93 30
86 94 -29
86 95 35
86 96 -15
86 97 7
86 98 -9
86 99 20
87 0 -45
87 1 53
87 2 -14
87 3 27
87 4 -25
87 5 -54
87 6 81
87 7 32
87 8 115
87 9 -51
87 10 -31
87 11 -70
87 12 -35
87 13 67
87 14 -39
87 15 1
87 16 -8
87 17 -2
87 18 -73
87 19 38
87 20 -71
87 21 -2
87 22 9
87 23 -16
87 24 24
87 25 -6
87 26 -5
87 27 -4
87 28 60
87 29 43
87 30 -4
87 31 34
87 33 49
87 34 63
87 35 -135
87 36 73
87 37 -52
87 39 -63
87 40 18
87 41 58
87 42 84
87 43 -13
87 44 9
87 45 7
87 46 62
87 47 -78
87 48 -74
87 49 16
87 50 -25
87 52 -40
87 53 58
87 54 16
87 55 51
87 56 -126
87 57 -32
87 59 67
87 60 32
87 61 -3
87 62 -25
87 63 16
87 64 -61
87 65 -14
87 66 -3
87 67 -88
87 68 40
87 69 -9
87 70 4
87 71 -5
87 72 -52
87 73 3
87 74 88
87 75 -42
87 76 65
87 77 -4
87 78 -5
87 79 -31
87 80 -16
87 81 -143
87 82 79
87 83 -15
87 84 -39
87 85 54
87 86 34
87 87 418
87 89 -46
87 90 -72
87 91 42
87 92 -17
87 93 5
87 94 49
87 95 90
87 96 -4
87 97 -4
87 98 -47
87 99 91
88 0 -35
88 1 164
88 2 21
88 4 26
88 5 -157
88 6 100
88 7 -58
88 8 26
88 10 112
88 11 25
88 12 103
88 13 -72
88 14 -78
88 15 -59
88 16 -40
88 17 50
88 18 119
88 19 29
88 22 -13
88 23 35
88 24 19
88 26 72
88 27 -62
88 28 50
88 29 3
88 30 -17
88 31 -69
88 32 37
88 34 -4
88 36 -97
88 37 45
88 38 -1
88 39 9
88 41 42
88 42 80
88 43 -38
88 44 38
88 46 45
88 48 85
88 49 15
88 50 -18
88 51 -25
88 52 35
88 54 -26
88 55 50
88 56 -10
88 57 104
88 58 -76
88 59 -36
88 60 -45
88 61 -21
88 62 4
88 63 -42
88 64 40
88 65 -40
88 67 -4
88 69 10
88 70 39
88 71 68
88 72 73
88 73 50
88 74 26
88 75 21
88 76 -47
88 77 101
88 78 -165
88 79 -42
88 80 -32
88 81 -35
88 82 94
88 83 150
88 84 -34
88 85 -72
88 88 542
88 89 -6
88 90 92
88 91 9
88 92 -26
88 93 -120
88 96 13
88 99 -126
89 0 19
89 1 -35
89 2 33
89 3 -32
89 4 36
89 5 -8
89 6 -122
89 7 78
89 8 120
89 9 4
89 10 -10
89 11 25
89 12 64
89 13 3
89 14 -40
89 15 -118
89 17 -35
89 18 -24
89 19 116
89 20 -34
89 21 62
89 22 -64
89 23 -6
89 24 63
89 25 15
89 26 94
89 28 -16
89 29 7
89 30 -79
89 31 -53
89 32 -205
89 34 50
89 35 -7
89 36 -20
89 37 -43
89 38 -15
89 39 50
89 40 10
89 41 -15
89 42 15
89 43 -15
89 44 -25
89 45 -32
89 46 -99
89 47 -50
89 48 160
89 49 -115
89 50 -49
89 51 -21
89 53 -108
89 54 26
89 55 -40
89 56 30
89 57 44
89 58 -38
89 59 72
89 60 -85
89 61 86
89 62 -69
89 63 -35
89 64 69
89 66 58
89 67 51
89 68 4
89 69 -100
89 70 31
89 71 59
89 72 38
89 73 -34
89 74 228
89 75 32
89 76 -108
89 77 -47
89 78 80
89 79 33
89 80 35
89 81 -72
89 82 7
89 83 -50
89 84 -33
89 85 -83
89 86 11
89 87 -46
89 88 -6
89 89 677
89 90 27
89 91 -25
89 92 88
89 93 64
89 94 -97
89 95 -103
89 96 71
89 97 -5
89 98 58
89 99 -83
90 0 28
90 1 175
90 2 -43
90 3 -30
90 4 63
90 5 8
90 6 115
90 7 -148
90 8 -34
90 9 42
90 10 2
90 11 76
90 12 -4
90 13 -91
90 14 18
90 15 -68
90 16 -35
90 17 13
90 18 -141
90 19 41
90 20 41
90 21 68
90 22 -59
90 23 -68
90 24 45
90 25 18
90 26 -56
90 27 55
90 28 -127
90 29 53
90 30 -36
90 31 50
90 32 -25
90 33 115
90 34 -127
90 35 -41
90 36 149
90 37 19
90 38 -40
90 39 -41
90 40 78
90 41 -23
90 42 29
90 43 37
90 44 56
90 45 -75
90 46 -32
90 47 -12
90 48 32
90 49 -6
90 50 -81
90 51 8
90 52 -123
90 53 91
90 54 -10
90 55 16
90 56 -46
90 57 -10
90 58 -57
90 59 -10
90 60 97
90 61 -111
90 62 75
90 63 -63
90 64 -106
90 65 -4
90 66 56
90 67 84
90 68 -141
90 69 -24
90 70 116
90 71 -43
90 72 60
90 73 -43
90 74 -28
90 75 137
90 76 -41
90 77 -130
90 78 -79
90 79 -27
90 80 -6
90 81 -141
90 82 -19
90 83 -29
90 84 59
90 85 -73
90 86 -20
90 87 -72
90 88 92
90 89 27
90 90 838
90 91 -15
90 92 -17
90 93 72
90 94 -89
90 95 34
90 96 18
90 97 32
90 98 -60
90 99 -18
91 0 -20
91 1 -105
91 2 -75
91 3 99
91 4 -7
91 5 47
91 6 -131
91 7 84
91 8 -8
91 9 4
91 11 -56
91 12 -8
91 13 -5
91 14 -30
91 15 -72
91 16 42
91 17 -14
91 18 -90
91 19 -60
91 20 -166
91 21 -75
91 22 1
91 23 -23
91 24 31
91 25 60
91 26 -6
91 28 -40
91 29 3
91 31 -7
91 32 52
91 33 -22
91 35 -56
91 36 -16
91 37 -82
91 38 -20
91 39 29
91 40 -32
91 41 -50
91 42 -13
91 43 5
91 44 15
91 45 16
91 46 72
91 47 -26
91 48 21
91 49 -71
91 50 144
91 51 28
91 52 -5
91 53 99
91 54 -100
91 55 9
91 56 -55
91 57 -12
91 58 -124
91 59 -17
91 60 33
91 61 -49
91 62 -115
91 63 2
91 64 -89
91 65 8
91 66 -19
91 67 -61
91 68 39
91 69 21
91 70 90
91 71 -7
91 72 -84
91 73 42
91 74 26
91 75 33
91 76 12
91 77 66
91 79 139
91 80 95
91 81 39
91 82 -50
91 83 15
91 84 -12
91 86 -36
91 87 42
91 88 9
91 89 -25
91 90 -15
91 91 510
91 92 -20
91 93 -44
91 94 50
91 95 47
91 96 -86
91 97 -89
91 98 4
91 99 -15
92 0 58
92 1 -11
92 2 24
92 4 -4
92 5 50
92 6 -60
92 7 -28
92 8 32
92 9 61
92 10 35
92 11 24
92 12 52
92 13 14
92 14 16
92 15 -17
92 16 -117
92 17 69
92 18 -59
92 19 -65
92 20 -53
92 21 -28
92 22 20
92 23 90
92 24 7
92 25 -81
92 26 262
92 27 42
92 28 6
92 29 -10
92 30 -96
92 31 -101
92 32 -180
92 33 -79
92 34 59
92 35 91
92 36 -63
92 37 -28
92 38 -152
92 39 -17
92 40 -60
92 41 -1
92 42 50
92 43 -93
92 44 28
92 45 -51
92 47 -72
92 48 218
92 49 -5
92 50 147
92 51 18
92 52 -32
92 53 -50
92 54 137
92 55 25
92 56 -11
92 57 -34
92 58 -43
92 59 75
92 60 -78
92 61 -18
92 62 136
92 63 84
92 64 85
92 66 -22
92 67 -9
92 68 -6
92 69 -22
92 70 -15
92 71 -22
92 72 -30
92 73 -163
92 74 15
92 75 -116
92 76 9
92 77 -39
92 78 -14
92 79 -21
92 80 -2
92 81 8
92 82 -47
92 83 87
92 84 -44
92 86 -35
92 87 -17
92 88 -26
92 89 88
92 90 -17
92 91 -20
92 92 705
92 93 106
92 94 -133
92 95 -48
92 96 -22
92 97 -17
92 98 14
92 99 -26
93 0 130
93 1 92
93 2 -80
93 3 82
93 4 -14
93 5 22
93 6 -4
93 7 2
93 8 82
93 9 2
93 10 -101
93 11 -136
93 12 -119
93 13 -68
93 14 -28
93 15 -28
93 16 -17
93 17 19
93 18 -72
93 19 -7
93 20 -59
93 21 -70
93 22 -14
93 23 -37
93 24 58
93 25 -36
93 26 15
93 27 88
93 28 19
93 29 32
93 30 -60
93 31 86
93 32 -143
93 33 -58
93 34 128
93 35 28
93 36 100
93 38 28
93 39 34
93 40 -14
93 41 -73
93 42 88
93 43 9
93 44 11
93 45 -107
93 46 -41
93 47 -8
93 48 98
93 49 105
93 50 35
93 51 -36
93 52 32
93 53 -93
93 54 142
93 55 -1
93 56 -64
93 57 66
93 58 113
93 59 -7
93 60 -2
93 61 -50
93 62 90
93 63 50
93 64 -5
93 65 107
93 66 7
93 67 -6
93 68 -111
93 69 -24
93 70 -95
93 71 -24
93 72 -66
93 73 108
93 74 48
93 75 -29
93 76 30
93 77 70
93 78 80
93 79 120
93 80 38
93 81 -68
93 82 -90
93 83 -14
93 84 -13
93 85 -88
93 86 30
93 87 5
93 88 -120
93 89 64
93 90 72
93 91 -44
93 92 106
93 93 798
93 94 -102
93 95 -42
93 96 -124
93 97 38
93 98 -92
93 99 25
94 2 -61
94 3 21
94 5 88
94 6 29
94 7 45
94 8 -113
94 9 -59
94 10 -5
94 11 62
94 12 109
94 13 62
94 14 65
94 15 -121
94 17 -29
94 18 -17
94 19 81
94 21 -22
94 22 -18
94 23 -69
94 24 3
94 25 51
94 26 -2
94 27 -50
94 28 4
94 29 -46
94 30 191
94 31 22
94 32 -18
94 33 23
94 34 9
94 35 -65
94 36 56
94 38 79
94 39 68
94 41 60
94 42 146
94 43 10
94 44 -40
94 45 104
94 46 -66
94 47 23
94 48 -80
94 49 36
94 50 71
94 51 3
94 52 99
94 53 -65
94 54 55
94 55 -2
94 56 112
94 57 -161
94 58 6
94 59 -86
94 60 69
94 61 130
94 62 -43
94 63 15
94 64 -81
94 65 24
94 67 109
94 68 -65
94 69 -15
94 70 -76
94 71 30
94 72 -83
94 73 -5
94 74 62
94 75 95
94 76 4
94 77 56
94 78 -72
94 80 106
94 81 -59
94 82 58
94 83 48
94 84 8
94 85 13
94 86 -29
94 87 49
94 89 -97
94 90 -89
94 91 50
94 92 -133
94 93 -102
94 94 692
94 95 -80
94 96 -4
94 97 -87
94 98 -40
95 0 -71
95 1 70
95 2 -35
95 3 15
95 4 47
95 5 -61
95 6 -24
95 7 -58
95 8 31
95 9 98
95 10 1
95 11 108
95 12 71
95 13 -170
95 14 16
95 15 79
95 16 -43
95 17 32
95 18 56
95 19 -107
95 20 144
95 21 -100
95 22 48
95 23 22
95 24 -20
95 25 -100
95 26 -102
95 27 -103
95 28 -18
95 29 5
95 30 -4
95 31 -17
95 32 91
95 33 131
95 34 -114
95 35 -75
95 36 -18
95 37 -93
95 38 8
95 39 -107
95 40 -38
95 41 -68
95 42 -49
95 43 -60
95 44 120
95 45 -19
95 46 16
95 47 -35
95 48 -32
95 49 20
95 50 40
95 51 20
95 52 -181
95 53 204
95 54 -33
95 55 -24
95 56 -132
95 57 146
95 58 10
95 59 -57
95 60 -129
95 61 -36
95 62 -2
95 63 -64
95 64 -111
95 65 40
95 66 -71
95 67 -54
95 68 -104
95 69 13
95 70 45
95 71 -144
95 72 42
95 73 8
95 74 -47
95 75 -115
95 76 22
95 77 41
95 78 -81
95 79 -58
95 80 -127
95 81 -27
95 82 -123
95 83 -76
95 84 105
95 85 -32
95 86 35
95 87 90
95 89 -103
95 90 34
95 91 47
95 92 -48
95 93 -42
95 94 -80
95 95 930
95 96 -57
95 97 -66
95 98 -50
95 99 -42
96 0 8
96 1 9
96 2 83
96 3 -53
96 4 68
96 5 -62
96 6 -20
96 7 27
96 8 66
96 9 74
96 10 -19
96 11 26
96 12 -28
96 13 11
96 14 -53
96 15 -63
96 16 76
96 17 26
96 18 -36
96 19 -10
96 20 6
96 21 13
96 22 14
96 23 -2
96 24 -12
96 25 -3
96 26 -20
96 27 12
96 28 -50
96 29 -3
96 30 -26
96 31 30
96 32 -4
96 33 -11
96 34 51
96 35 56
96 36 -14
96 38 60
96 39 -29
96 40 -10
96 41 32
96 42 5
96 43 24
96 44 106
96 45 -21
96 46 -75
96 47 1
96 48 59
96 49 13
96 50 -104
96 51 52
96 52 52
96 53 -126
96 54 -11
96 55 -6
96 56 36
96 57 -8
96 58 22
96 59 -106
96 60 -81
96 61 63
96 62 -23
96 63 -6
96 64 45
96 65 -16
96 66 44
96 67 10
96 68 1
96 69 72
96 70 24
96 71 6
96 72 20
96 73 47
96 74 -10
96 75 -17
96 76 62
96 77 -40
96 78 12
96 79 -142
96 80 -51
96 81 2
96 82 36
96 83 -38
96 84 -18
96 85 36
96 86 -15
96 87 -4
96 88 13
96 89 71
96 90 18
96 91 -86
96 92 -22
96 93 -124
96 94 -4
96 95 -57
96 96 425
96 97 -24
96 98 -16
96 99 -10
97 0 71
97 1 49
97 2 59
97 3 -10
97 5 -3
97 6 -6
97 7 12
97 8 69
97 9 81
97 10 47
97 11 -59
97 12 -4
97 13 30
97 14 -28
97 15 40
97 16 71
97 17 -43
97 18 -50
97 19 112
97 20 -2
97 21 42
97 22 49
97 23 -9
97 24 -22
97 25 21
97 26 18
97 27 -108
97 28 27
97 30 -34
97 31 6
97 32 -28
97 33 -29
97 34 -13
97 35 -9
97 36 14
97 37 108
97 38 63
97 39 53
97 40 -47
97 41 37
97 43 -45
97 44 -38
97 45 -43
97 46 126
97 47 -10
97 48 107
97 49 -76
97 50 101
97 51 -47
97 52 -86
97 53 9
97 54 54
97 55 3
97 56 17
97 57 26
97 58 55
97 59 190
97 60 8
97 61 -42
97 62 -1
97 63 -82
97 64 55
97 65 -26
97 66 -9
97 67 27
97 69 81
97 70 34
97 71 14
97 72 -30
97 73 -9
97 74 -10
97 76 -4
97 77 119
97 78 55
97 79 104
97 80 -158
97 81 90
97 82 38
97 83 64
97 84 47
97 86 7
97 87 -4
97 89 -5
97 90 32
97 91 -89
97 92 -17
97 93 38
97 94 -87
97 95 -66
97 96 -24
97 97 562
97 98 20
98 0 104
98 1 28
98 2 44
98 3 -62
98 4 29
98 5 58
98 6 11
98 7 60
98 8 27
98 9 47
98 10 10
98 11 -8
98 12 -74
98 13 -188
98 14 -46
98 15 48
98 16 -4
98 17 26
98 18 -27
98 19 -40
98 20 163
98 21 145
98 22 -92
98 23 152
98 24 41
98 25 -40
98 26 -30
98 27 60
98 28 40
98 29 -57
98 30 9
98 31 -7
98 32 49
98 33 -151
98 34 24
98 35 28
98 36 -47
98 37 -128
98 38 -9
98 39 43
98 40 8
98 41 22
98 42 -30
98 43 40
98 44 16
98 45 -40
98 46 30
98 47 9
98 48 61
98 49 -9
98 50 78
98 51 20
98 52 70
98 53 20
98 54 -56
98 55 24
98 56 18
98 57 17
98 58 -56
98 59 -47
98 60 -75
98 61 62
98 62 -72
98 63 64
98 64 21
98 65 -100
98 66 -12
98 67 -30
98 68 56
98 69 80
98 70 -136
98 72 -55
98 73 107
98 74 57
98 75 31
98 76 51
98 77 -167
98 78 -40
98 79 28
98 80 -92
98 81 48
98 82 -72
98 83 3
98 84 81
98 85 -20
98 86 -9
98 87 -47
98 89 58
98 90 -60
98 91 4
98 92 14
98 93 -92
98 94 -40
98 95 -50
98 96 -16
98 97 20
98 98 572
98 99 -30
99 0 59
99 1 -30
99 2 -27
99 3 -98
99 4 -7
99 5 136
99 6 -12
99 7 -50
99 9 -13
99 10 -56
99 11 -87
99 12 -4
99 13 73
99 14 -17
99 15 -68
99 16 106
99 17 -104
99 18 -52
99 19 12
99 20 -128
99 21 50
99 22 -37
99 23 -65
99 24 113
99 25 -18
99 26 52
99 27 109
99 28 -55
99 29 -129
99 30 45
99 31 86
99 32 58
99 33 -20
99 34 -28
99 35 -12
99 36 132
99 37 7
99 38 12
99 39 74
99 40 38
99 41 -79
99 42 -10
99 43 120
99 44 -59
99 45 50
99 46 30
99 47 18
99 48 -49
99 49 -5
99 50 -21
99 52 -28
99 53 16
99 54 -92
99 55 33
99 56 -80
99 57 -78
99 58 -17
99 59 127
99 60 -60
99 61 -72
99 62 -62
99 63 25
99 64 -13
99 65 104
99 66 5
99 67 -70
99 68 63
99 69 84
99 70 -9
99 71 -55
99 72 -74
99 73 -10
99 74 -30
99 75 -17
99 76 64
99 77 -139
99 78 137
99 79 17
99 80 -42
99 81 10
99 82 103
99 83 -55
99 84 45
99 85 65
99 86 20
99 87 91
99 88 -126
99 89 -83
99 90 -18
99 91 -15
99 92 -26
99 93 25
99 95 -42
99 96 -10
99 98 -30
99 99 600
