7 146 1
7 1265 1
7 1985 1
8 1059 1
9 557 1
9 1756 1
11 1252 1
13 79 1
14 110 1
14 509 1
14 542 1
16 296 1
17 993 1
18 79 1
20 993 1
22 669 1
22 673 1
22 821 1
22 1409 1
23 1430 1
27 1288 1
29 993 1
29 1244 1
29 1545 1
32 1185 1
37 716 1
38 79 1
39 18 1
39 893 1
42 926 1
43 1135 1
44 79 1
46 229 1
47 1975 1
52 445 1
52 588 1
52 843 1
56 445 1
56 1266 1
57 1106 1
57 1985 1
60 79 1
60 335 1
60 419 1
60 783 1
60 1448 1
60 1579 1
61 88 1
64 779 1
67 97 1
67 859 1
67 882 1
67 1058 1
73 1288 1
75 97 1
75 882 1
75 1058 1
78 285 1
78 294 1
79 79 1
79 1490 1
79 1513 1
80 1266 1
83 979 1
84 690 1
85 130 1
85 714 1
85 799 1
85 1460 1
85 1489 1
87 446 1
91 1710 1
97 1982 1
97 1986 1
98 993 1
99 1266 1
102 253 1
102 926 1
103 1986 1
106 79 1
106 542 1
107 1590 1
108 97 1
108 882 1
108 1058 1
109 407 1
109 1059 1
109 1435 1
110 461 1
111 285 1
111 294 1
113 1266 1
118 285 1
118 294 1
120 446 1
130 1266 1
130 1951 1
131 97 1
131 563 1
131 882 1
131 1058 1
131 1059 1
131 1897 1
131 1927 1
132 714 1
132 799 1
132 1489 1
132 1982 1
140 399 1
140 400 1
140 403 1
140 404 1
140 509 1
140 695 1
140 870 1
141 979 1
143 101 1
143 602 1
143 1374 1
143 1482 1
148 101 1
148 602 1
148 1374 1
148 1482 1
152 1982 1
152 1986 1
156 537 1
156 582 1
156 821 1
156 839 1
159 159 1
159 245 1
159 1559 1
159 1638 1
159 1846 1
162 511 1
163 79 1
163 1134 1
163 1513 1
163 1564 1
163 1978 1
165 446 1
165 516 1
165 859 1
165 1266 1
165 1288 2
167 408 1
167 446 1
167 1344 1
167 1559 1
172 1266 1
172 1951 1
173 979 1
176 419 1
176 623 1
176 1513 1
176 1846 1
177 1612 1
179 79 1
179 97 1
179 882 1
179 1058 1
179 1846 1
179 1975 1
180 1975 1
181 1582 1
182 993 1
182 1544 1
182 1791 1
186 1582 1
187 695 1
191 1714 1
193 97 1
193 882 1
193 1058 1
194 97 1
194 882 1
194 1058 1
194 1865 1
196 727 1
196 1515 1
196 1592 1
196 1756 1
197 445 1
205 97 1
205 882 1
205 1058 1
206 858 1
212 270 1
212 1104 1
212 1430 1
212 1771 1
213 461 1
215 757 1
218 4 1
218 79 1
218 1381 1
219 26 1
219 1590 1
219 1865 1
220 461 1
221 369 1
221 602 1
221 1106 1
222 1383 1
222 1637 1
222 1986 1
225 408 1
225 1344 1
225 1982 1
225 1986 1
228 1544 1
229 1582 1
229 1975 1
230 1865 1
236 1604 1
239 1288 1
239 1978 1
241 1601 1
243 466 1
243 1423 1
243 1955 1
244 1430 1
245 1544 1
246 118 1
246 159 1
246 245 1
246 602 1
246 1374 1
246 1638 1
248 13 1
248 88 1
248 116 1
248 768 1
250 79 1
250 1006 1
250 1582 1
256 115 1
256 253 1
256 926 1
256 993 1
259 834 1
260 407 1
260 445 1
260 1006 1
261 939 1
261 989 1
261 1071 1
261 1899 1
266 88 1
266 97 1
266 882 1
266 1058 1
267 542 1
268 466 1
268 1423 1
268 1955 1
269 97 1
269 118 1
269 602 1
269 882 1
269 1058 1
269 1374 1
272 588 1
274 272 1
274 511 1
274 882 1
274 934 1
274 1423 1
274 1582 1
276 512 1
276 752 1
276 989 1
276 1637 1
276 1846 1
276 1986 1
279 18 1
279 97 1
279 882 1
279 893 1
279 1058 1
279 1544 1
280 461 1
280 1513 1
280 1984 1
281 445 1
281 461 1
282 563 1
282 1059 1
282 1897 1
282 1927 1
282 1975 1
283 828 1
287 118 1
287 602 1
287 1374 1
287 1544 1
288 1791 1
289 623 1
289 1514 1
289 1975 1
296 97 1
296 882 1
296 1058 1
301 39 1
301 97 1
301 714 1
301 799 1
301 882 1
301 1058 1
301 1489 1
304 1737 1
304 1982 1
304 1986 1
307 285 1
307 294 1
309 1544 1
311 1876 1
314 1951 1
316 1565 1
316 1949 1
320 1978 1
322 1168 1
326 86 1
326 407 1
326 1344 1
326 1470 1
326 1865 1
327 1899 1
328 509 1
328 820 1
328 839 1
328 1470 1
328 1905 1
329 461 1
330 363 1
330 555 1
330 695 1
331 408 1
331 1344 1
333 384 1
334 688 1
334 705 1
337 828 1
339 1244 1
340 97 1
340 882 1
340 1058 1
342 79 1
342 1846 1
343 446 1
343 788 1
344 39 1
344 1604 1
349 828 1
351 1978 1
354 1059 1
356 1130 1
358 1846 1
359 369 1
364 18 1
364 893 1
365 588 1
365 1544 1
374 88 1
375 1288 1
379 1430 1
379 1865 1
384 683 1
389 466 1
389 582 1
389 821 1
389 839 1
389 1423 1
389 1955 1
391 859 1
399 13 1
399 79 1
399 116 1
399 245 1
399 277 1
399 716 1
399 768 1
403 839 1
403 1344 1
405 979 1
410 445 1
412 97 1
412 882 1
412 1058 1
413 3 1
413 79 1
413 926 1
414 511 1
415 757 1
416 159 1
416 245 1
416 1638 1
416 1975 1
417 25 1
417 1592 1
420 97 1
420 820 1
420 867 1
420 882 1
420 1058 1
421 446 1
421 588 1
421 1288 1
426 110 1
426 509 1
426 1582 1
428 159 1
428 245 1
428 1638 1
429 1582 1
439 97 1
439 882 1
439 1058 1
439 1487 1
441 97 1
441 882 1
441 1058 1
448 79 1
448 752 1
452 1544 1
452 1582 1
453 5 1
453 1899 1
456 511 1
456 714 1
456 799 1
456 1489 1
459 407 1
459 1059 1
459 1435 1
461 1975 1
463 926 1
464 369 1
464 1480 1
465 1545 1
471 714 1
471 799 1
471 1489 1
472 1059 1
473 1430 1
474 407 1
480 293 1
480 461 1
480 1478 1
480 1544 1
480 1582 1
481 1846 1
483 461 1
487 118 1
487 602 1
487 1374 1
488 859 1
492 588 1
496 39 1
496 445 1
496 821 1
497 957 1
497 1266 1
497 1951 1
503 1582 1
504 1714 1
507 788 1
507 1130 1
507 1592 1
511 1059 1
512 407 1
515 446 1
515 1363 1
519 1059 1
519 1865 1
521 1058 1
521 1430 1
525 993 1
526 1846 1
529 461 1
529 989 1
529 1059 1
533 445 1
537 103 1
537 1565 1
542 716 1
542 1554 1
542 1951 1
544 623 1
544 1420 1
545 1059 1
550 1266 1
555 1364 1
558 1759 1
559 512 1
559 752 1
559 989 1
559 1559 1
565 446 1
568 1130 1
569 1006 1
570 1423 1
570 1637 1
570 1986 1
572 1059 1
574 79 1
578 285 1
578 294 1
578 993 1
579 1266 1
582 461 1
583 79 1
584 79 1
584 757 1
587 461 1
589 714 1
589 799 1
589 993 1
589 1489 1
590 110 1
590 509 1
591 979 1
593 159 1
594 407 1
594 1059 1
594 1435 1
595 445 1
596 1288 1
600 79 1
600 690 1
609 159 1
609 245 1
609 1288 1
609 1638 1
610 1601 1
616 1978 1
617 1921 1
618 97 1
618 882 1
618 1058 1
619 562 1
621 265 1
621 461 1
621 1756 1
622 413 1
622 602 1
622 716 1
626 466 1
626 1423 1
626 1955 1
627 562 1
636 1266 1
639 602 1
651 369 1
651 773 1
651 1266 1
654 13 1
654 116 1
654 270 1
654 768 1
654 1771 1
657 1058 1
658 285 1
658 294 1
664 828 1
669 1490 1
669 1513 1
672 115 1
672 116 1
672 532 1
672 679 1
672 1200 1
672 1416 1
673 79 1
673 245 1
673 441 1
673 716 1
673 1266 1
674 1430 1
678 532 1
679 899 1
679 1604 1
684 1914 1
687 509 1
687 820 1
687 1905 1
688 939 1
688 989 1
688 1071 1
688 1899 1
689 1430 1
689 1978 1
691 1336 1
693 446 1
693 694 1
694 18 1
694 893 1
696 445 1
696 1006 1
697 445 1
697 993 1
700 118 1
700 602 1
700 1374 1
703 1791 1
706 1077 1
706 1489 1
707 88 1
709 79 1
712 118 1
712 602 1
712 1266 1
712 1374 1
713 1059 1
717 1601 1
720 979 1
721 118 1
721 270 1
721 602 1
721 1374 1
721 1771 1
722 1637 1
722 1986 1
725 1544 1
727 1130 1
728 79 1
728 245 1
728 716 1
730 1489 1
732 118 1
732 602 1
732 828 1
732 1374 1
733 820 1
733 1927 1
735 714 1
735 799 1
735 1489 1
736 39 1
736 821 1
742 509 1
742 695 1
742 870 1
744 293 1
744 1478 1
745 419 1
748 461 1
748 542 1
749 37 1
749 338 1
749 899 1
749 1148 1
750 1544 1
752 1058 1
752 1590 1
756 39 1
756 146 1
756 821 1
756 1265 1
756 1985 1
757 97 1
757 882 1
757 1058 1
759 285 1
759 294 1
759 1059 1
762 835 1
766 899 1
767 1637 1
767 1986 1
779 1059 1
781 118 1
781 602 1
781 993 1
781 1288 1
781 1374 1
784 1106 1
784 1558 1
784 1985 1
785 97 1
785 882 1
785 1058 1
786 859 1
787 562 1
787 839 1
788 1336 1
790 757 1
791 369 1
791 461 1
792 562 1
793 509 1
793 695 1
793 870 1
793 1059 1
793 1063 1
793 1590 1
794 285 1
794 294 1
796 1515 1
796 1756 1
799 1430 1
806 743 1
806 1978 1
807 1759 1
809 993 1
810 1975 1
812 159 1
816 285 1
816 294 1
817 446 1
817 757 1
817 1430 1
817 1791 1
818 1058 1
820 88 1
820 533 1
822 118 1
822 602 1
822 757 1
822 1134 1
822 1374 1
822 1710 1
824 39 1
827 1637 1
827 1986 1
828 97 1
828 562 1
828 588 1
828 695 1
828 882 1
828 1058 1
828 1461 1
829 1430 1
833 1544 1
837 307 1
839 859 1
841 1430 1
844 1058 1
844 1544 1
846 101 1
846 602 1
846 757 1
846 1374 1
846 1482 1
847 44 1
847 1975 1
848 828 1
849 562 1
849 582 1
849 821 1
849 828 1
849 839 1
851 118 1
851 602 1
851 1374 1
852 979 1
853 285 1
853 294 1
854 1544 1
855 542 1
856 820 1
856 867 1
857 399 1
857 400 1
857 403 1
857 404 1
858 1364 1
863 461 1
863 1582 1
865 1544 1
866 965 1
867 690 1
870 0 1
872 39 1
874 690 1
874 695 1
874 1363 1
874 1423 1
874 1592 1
875 1978 1
876 293 1
876 755 1
877 97 1
877 882 1
877 1058 1
881 563 1
881 1059 1
881 1897 1
881 1927 1
884 41 1
885 293 1
885 562 1
885 588 1
885 695 1
885 1461 1
885 1478 1
888 407 1
888 1601 1
890 97 1
890 882 1
890 1058 1
893 97 1
893 882 1
893 1058 1
896 79 1
903 717 1
910 1582 1
914 1137 1
914 1985 1
914 1986 1
914 1988 1
915 159 1
915 245 1
915 834 1
915 1638 1
918 1544 1
919 757 1
920 97 1
920 882 1
920 1058 1
922 1544 1
924 79 1
924 785 1
924 857 1
924 899 1
925 926 1
927 285 1
927 294 1
928 18 1
928 893 1
930 25 1
930 97 1
930 882 1
930 1058 1
930 1592 1
932 124 1
933 788 1
940 1544 1
943 372 1
944 1978 1
946 1978 1
947 407 1
947 1430 1
947 1791 1
950 1266 1
950 1430 1
950 1951 1
953 1791 1
956 1582 1
958 79 1
958 245 1
958 293 1
958 511 1
958 716 1
958 1478 1
959 993 1
959 1952 1
960 835 1
961 1421 1
963 979 1
965 419 1
965 700 1
965 814 1
965 1128 1
965 1603 1
968 39 1
968 821 1
970 157 1
970 826 1
970 899 1
970 1114 1
971 285 1
971 294 1
973 118 1
973 602 1
973 1374 1
974 103 1
974 588 1
974 1565 1
978 159 1
978 245 1
978 1638 1
983 86 1
983 384 1
983 532 1
983 1006 1
983 1364 1
983 1737 1
983 1771 1
984 419 1
984 700 1
984 814 1
984 1128 1
989 97 1
989 882 1
989 1058 1
989 1846 1
990 272 1
991 97 1
991 882 1
991 1058 1
991 1544 1
994 562 1
996 1899 1
997 13 1
997 116 1
997 768 1
997 788 1
1002 562 1
1002 588 1
1002 695 1
1002 1461 1
1004 461 1
1005 277 1
1006 1069 1
1006 1288 1
1007 757 1
1007 1266 1
1007 1430 1
1007 1604 1
1007 1951 1
1008 773 1
1008 1552 1
1013 665 1
1013 1374 1
1014 688 1
1014 705 1
1016 408 1
1017 1185 1
1023 519 1
1023 607 1
1023 1104 1
1027 993 1
1028 509 1
1028 820 1
1028 1582 1
1028 1905 1
1031 157 1
1031 826 1
1033 1637 1
1033 1975 1
1033 1986 1
1034 97 1
1034 882 1
1034 1058 1
1034 1243 1
1034 1398 1
1035 13 1
1035 116 1
1035 768 1
1038 993 1
1041 1637 1
1041 1771 1
1041 1986 1
1045 332 1
1045 407 1
1045 586 1
1045 728 1
1045 1194 1
1045 1336 1
1046 765 1
1046 1266 1
1047 1978 1
1050 1907 1
1051 97 1
1051 882 1
1051 1058 1
1051 1544 1
1051 1545 1
1052 688 1
1052 705 1
1052 1582 1
1054 1364 1
1054 1423 1
1056 369 1
1056 1374 1
1058 97 1
1058 882 1
1058 1058 1
1063 1544 1
1064 979 1
1064 1582 1
1064 1771 1
1065 1106 1
1065 1985 1
1070 899 1
1070 1544 1
1071 5 1
1071 1342 1
1071 1590 1
1072 293 1
1072 1478 1
1074 519 1
1074 1104 1
1074 1430 1
1076 293 1
1076 1478 1
1076 1544 1
1078 1544 1
1080 97 1
1080 157 1
1080 512 1
1080 752 1
1080 826 1
1080 882 1
1080 989 1
1080 1058 1
1086 828 1
1087 1978 1
1088 97 1
1088 882 1
1088 1058 1
1095 835 1
1096 118 1
1096 602 1
1096 1374 1
1096 1544 1
1099 705 1
1100 25 1
1100 88 1
1100 1592 1
1101 381 1
1101 592 1
1101 979 1
1101 1418 1
1101 1421 1
1101 1565 1
1102 79 1
1102 407 1
1102 690 1
1102 1059 1
1102 1435 1
1104 97 1
1104 882 1
1104 1058 1
1104 1266 1
1104 1951 1
1105 294 1
1105 839 1
1105 1185 1
1106 899 1
1106 1710 1
1106 1978 1
1108 79 1
1108 415 1
1108 835 1
1108 1062 1
1113 542 1
1113 1603 1
1115 461 1
1117 88 1
1121 1975 1
1134 335 1
1136 532 1
1136 655 1
1136 1288 1
1136 1637 1
1136 1975 1
1136 1986 1
1137 1724 1
1138 899 1
1139 1601 1
1142 88 1
1142 466 1
1142 1266 1
1142 1423 1
1142 1951 1
1142 1955 1
1144 443 1
1144 447 1
1148 1975 1
1149 88 1
1151 1288 1
1155 407 1
1155 1601 1
1161 118 1
1161 562 1
1161 588 1
1161 602 1
1161 695 1
1161 1374 1
1161 1461 1
1173 18 1
1173 893 1
1175 1220 1
1177 79 1
1177 752 1
1177 1603 1
1178 339 1
1178 821 1
1178 1569 1
1179 446 1
1180 828 1
1181 97 1
1181 882 1
1181 1058 1
1182 493 1
1182 979 1
1182 1710 1
1185 97 1
1185 882 1
1185 1058 1
1189 407 1
1190 146 1
1190 1846 1
1192 97 1
1192 882 1
1192 1058 1
1194 39 1
1197 39 1
1197 821 1
1203 557 1
1203 1756 1
1208 773 1
1208 1552 1
1209 26 1
1209 1865 1
1211 79 1
1211 408 1
1211 773 1
1214 755 1
1216 407 1
1216 714 1
1216 799 1
1216 1489 1
1216 1601 1
1216 1791 1
1217 407 1
1217 1059 1
1217 1435 1
1218 1364 1
1219 1430 1
1222 1185 1
1223 1785 1
1225 979 1
1236 1266 1
1236 1951 1
1239 408 1
1239 1344 1
1240 270 1
1240 1771 1
1244 39 1
1245 293 1
1245 1478 1
1248 533 1
1249 788 1
1249 993 1
1251 1978 1
1255 828 1
1255 835 1
1255 859 1
1255 1810 1
1256 511 1
1258 835 1
1263 407 1
1265 97 1
1265 293 1
1265 882 1
1265 1058 1
1265 1478 1
1267 79 1
1268 979 1
1268 1266 1
1269 1430 1
1270 446 1
1270 1363 1
1272 118 1
1272 602 1
1272 1374 1
1272 1544 1
1273 88 1
1275 1582 1
1282 407 1
1282 519 1
1284 461 1
1292 1059 1
1297 157 1
1297 826 1
1298 1266 1
1299 965 1
1302 1544 1
1306 229 1
1307 118 1
1307 602 1
1307 1374 1
1308 1266 1
1308 1951 1
1311 39 1
1311 1980 1
1312 828 1
1313 461 1
1314 1059 1
1316 592 1
1316 1059 1
1316 1266 1
1316 1430 1
1316 1951 1
1316 1960 1
1318 1336 1
1321 1059 1
1322 1544 1
1323 1907 1
1325 118 1
1325 602 1
1325 1374 1
1328 1949 1
1329 828 1
1331 1714 1
1331 1899 1
1332 1128 1
1332 1513 1
1332 1982 1
1332 1986 1
1333 463 1
1333 757 1
1335 97 1
1335 882 1
1335 1058 1
1335 1106 1
1335 1985 1
1340 1059 1
1342 97 1
1342 882 1
1342 1058 1
1347 562 1
1349 13 1
1349 116 1
1349 768 1
1349 1975 1
1354 88 1
1355 588 1
1361 115 1
1361 835 1
1363 588 1
1366 79 1
1366 466 1
1366 1134 1
1366 1423 1
1366 1955 1
1366 1978 1
1374 79 1
1374 1134 1
1374 1978 1
1375 1059 1
1375 1544 1
1376 714 1
1376 1181 1
1376 1590 1
1377 272 1
1379 159 1
1381 1952 1
1384 110 1
1384 509 1
1385 1059 1
1388 562 1
1388 588 1
1388 695 1
1388 1266 1
1388 1461 1
1389 25 1
1389 993 1
1389 1266 1
1389 1592 1
1390 97 1
1390 714 1
1390 799 1
1390 882 1
1390 1058 1
1390 1489 1
1393 1489 1
1395 118 1
1395 602 1
1395 1374 1
1395 1430 1
1396 714 1
1396 799 1
1396 1489 1
1397 88 1
1397 294 1
1397 714 1
1397 799 1
1397 1489 1
1399 97 1
1399 882 1
1399 1058 1
1400 1975 1
1401 1846 1
1408 821 1
1408 1544 1
1408 1819 1
1412 839 1
1412 1344 1
1415 71 1
1415 132 1
1417 339 1
1417 446 1
1417 694 1
1417 1710 1
1420 506 1
1420 1604 1
1423 445 1
1424 461 1
1428 979 1
1428 1544 1
1433 1604 1
1438 859 1
1439 1544 1
1441 253 1
1441 926 1
1441 993 1
1444 461 1
1444 562 1
1444 1961 1
1445 79 1
1445 1134 1
1445 1978 1
1446 965 1
1448 1363 1
1448 1868 1
1449 445 1
1451 1266 1
1452 1266 1
1453 665 1
1455 1266 1
1458 939 1
1458 989 1
1458 1071 1
1458 1899 1
1459 79 1
1459 245 1
1459 716 1
1459 1374 1
1461 1103 1
1463 1350 1
1465 118 1
1465 602 1
1465 1374 1
1465 1604 1
1466 79 2
1466 773 1
1466 1134 1
1466 1318 1
1466 1846 1
1466 1978 1
1467 118 1
1467 602 1
1467 1374 1
1469 272 1
1472 714 1
1472 799 1
1472 1489 1
1472 1914 1
1473 97 1
1473 882 1
1473 1058 1
1473 1544 1
1474 993 1
1478 79 1
1479 1266 1
1479 1951 1
1480 79 1
1480 97 1
1480 688 1
1480 705 1
1480 716 1
1480 882 1
1480 1058 1
1480 1951 1
1485 88 1
1485 965 1
1486 461 1
1487 757 1
1488 461 1
1498 285 1
1498 294 1
1500 1350 1
1502 1975 1
1504 97 1
1504 557 1
1504 882 1
1504 1058 1
1504 1756 1
1504 1952 1
1508 1288 1
1508 1975 1
1509 408 1
1509 773 1
1510 118 1
1510 127 1
1510 445 1
1510 602 1
1510 1374 1
1511 993 1
1519 39 1
1519 441 1
1519 765 1
1519 821 1
1522 26 1
1522 1865 1
1525 588 1
1526 1914 1
1527 4 1
1527 79 1
1527 1381 1
1530 1266 1
1533 1430 1
1538 773 1
1538 820 1
1538 1278 1
1539 461 1
1540 93 1
1540 608 1
1540 1737 1
1549 1016 1
1549 1266 1
1549 1280 1
1558 39 1
1558 1982 1
1558 1986 1
1559 1266 1
1562 79 1
1562 415 1
1562 1062 1
1564 1982 1
1564 1986 1
1566 837 1
1566 1810 1
1571 97 1
1571 882 1
1571 1058 1
1573 1421 1
1574 757 1
1574 1604 1
1576 1637 1
1576 1986 1
1578 407 1
1579 655 1
1579 1288 1
1580 39 1
1580 1065 1
1580 1068 1
1580 1841 1
1583 1978 1
1584 1266 1
1586 399 1
1586 400 1
1586 403 1
1586 404 1
1591 1604 1
1592 79 1
1593 1637 1
1593 1986 1
1595 445 1
1595 1059 1
1596 1114 1
1596 1807 1
1600 384 1
1602 1430 1
1608 79 1
1608 757 1
1608 1441 1
1609 582 1
1609 821 1
1609 839 1
1610 1364 1
1610 1423 1
1611 445 1
1613 1538 1
1617 588 1
1617 665 1
1617 1374 1
1620 1515 1
1620 1756 1
1621 97 1
1621 882 1
1621 1058 1
1626 835 1
1629 563 1
1629 926 1
1629 1125 1
1629 1128 1
1629 1927 1
1638 1421 1
1642 25 1
1642 1592 1
1643 859 1
1646 1448 1
1646 1637 1
1646 1986 1
1647 79 1
1647 1582 1
1648 757 1
1650 118 1
1650 602 1
1650 1374 1
1651 1383 1
1655 446 1
1655 1363 1
1659 97 1
1659 882 1
1659 1058 1
1659 1978 1
1664 1266 1
1666 1604 1
1667 81 1
1667 1592 1
1668 1059 1
1669 1604 1
1677 446 1
1677 1289 1
1679 88 1
1684 1430 1
1687 828 1
1689 768 1
1692 828 1
1694 407 1
1694 1601 1
1695 79 1
1698 1430 1
1700 788 1
1706 79 1
1706 1134 1
1706 1978 1
1707 1381 1
1710 86 1
1710 532 1
1710 828 1
1713 97 1
1713 118 1
1713 602 1
1713 882 1
1713 1058 1
1713 1374 1
1716 408 1
1716 1344 1
1717 582 1
1717 821 1
1717 839 1
1719 1975 1
1720 1544 1
1722 39 1
1722 821 1
1724 1714 1
1725 16 1
1725 39 1
1727 39 1
1727 821 1
1729 588 1
1730 285 1
1730 294 1
1735 1266 1
1738 1601 1
1738 1986 1
1740 1978 1
1741 384 1
1741 461 1
1741 1463 1
1742 1975 1
1749 516 1
1749 1288 1
1750 97 1
1750 882 1
1750 1058 1
1750 1544 1
1751 88 1
1753 1603 1
1757 1975 1
1758 1421 1
1771 39 1
1773 511 1
1773 1978 1
1775 446 1
1775 1363 1
1777 1604 1
1778 1794 1
1779 13 1
1779 116 1
1779 768 1
1781 1791 1
1792 253 1
1792 926 1
1792 1059 1
1793 1978 1
1795 757 1
1796 441 1
1797 1545 1
1800 285 1
1800 294 1
1801 1266 1
1809 88 1
1810 588 1
1810 1430 1
1811 688 1
1811 705 1
1813 5 1
1813 161 1
1813 1363 1
1814 743 1
1814 1978 1
1819 97 1
1819 103 1
1819 882 1
1819 1058 1
1819 1565 1
1820 285 1
1820 294 1
1822 88 1
1826 1544 1
1830 993 1
1831 1590 1
1832 688 1
1832 705 1
1833 512 1
1833 752 1
1833 989 1
1833 1430 1
1836 563 1
1836 1059 1
1836 1897 1
1836 1927 1
1837 1626 1
1839 979 1
1845 79 1
1845 110 1
1845 118 1
1845 509 1
1845 602 1
1845 773 1
1845 1318 1
1845 1374 1
1845 1846 1
1848 993 1
1848 1266 1
1850 97 1
1850 298 1
1850 381 1
1850 430 1
1850 592 1
1850 747 1
1850 882 1
1850 979 1
1850 1058 1
1850 1418 1
1850 1421 1
1850 1565 1
1859 118 1
1859 602 1
1859 1374 1
1861 26 1
1861 1865 1
1868 747 1
1869 1294 1
1872 1544 1
1872 1982 1
1872 1986 1
1874 1582 1
1875 1059 1
1875 1430 1
1876 466 1
1876 678 1
1876 1423 1
1876 1955 1
1878 18 1
1878 97 1
1878 768 1
1878 989 1
1878 1421 1
1878 1582 1
1878 1715 1
1880 1364 1
1885 512 1
1885 752 1
1885 989 1
1887 39 1
1887 821 1
1890 1771 1
1891 39 1
1891 1982 1
1891 1986 1
1896 650 1
1896 1194 1
1896 1627 1
1898 828 1
1899 979 1
1902 828 1
1902 1604 1
1905 407 1
1911 1394 1
1914 407 1
1917 1907 1
1918 97 1
1918 882 1
1918 1058 1
1921 1266 1
1928 466 1
1928 1423 1
1928 1955 1
1930 97 1
1930 882 1
1930 1058 1
1930 1544 1
1935 1134 1
1935 1421 1
1942 407 1
1942 716 1
1946 562 1
1946 588 1
1946 695 1
1946 839 1
1946 1344 1
1946 1461 1
1948 39 1
1950 245 1
1950 384 1
1950 604 1
1950 958 1
1953 1921 1
1958 828 1
1959 655 1
1959 1288 1
1959 1876 1
1961 407 1
1961 1059 2
1961 1435 1
1963 425 1
1969 1103 1
1971 97 1
1971 882 1
1971 1058 1
1972 461 1
1972 588 1
1972 1381 1
1974 446 1
1975 79 1
1975 441 1
1976 466 1
1976 1423 1
1976 1955 1
1991 466 1
1991 1423 1
1991 1955 1
1992 563 1
1992 1059 1
1992 1897 1
1992 1927 1
1993 1590 1
1994 1288 1
1994 1515 1
1994 1756 1
1998 473 1
1998 1430 1
