0 0 158
0 3 25
0 6 20
0 7 -10
0 10 -8
0 12 40
0 13 -35
0 15 40
0 18 -6
0 19 32
0 22 102
0 23 -68
0 25 15
0 26 18
0 30 -16
0 31 50
0 32 -35
0 36 18
0 43 35
0 45 -22
0 46 -18
0 47 -64
0 49 12
0 54 10
0 62 10
0 64 28
0 66 80
0 70 8
0 74 -10
0 76 -10
0 77 -24
0 79 20
0 80 -25
0 83 72
0 84 12
0 85 -10
0 87 -8
0 89 10
0 93 36
0 95 12
0 96 48
0 97 -45
0 98 66
0 99 -15
1 1 195
1 3 -3
1 11 -54
1 21 100
1 22 -75
1 23 2
1 24 96
1 25 8
1 26 63
1 27 -36
1 29 30
1 30 -65
1 31 81
1 32 -30
1 36 40
1 39 36
1 40 40
1 44 81
1 45 20
1 46 -36
1 47 20
1 49 -3
1 51 -21
1 54 78
1 56 70
1 61 63
1 71 27
1 76 18
1 78 -8
1 81 -27
1 84 -36
1 85 14
1 87 4
1 89 94
1 90 -9
1 95 -44
1 96 -15
1 99 16
2 2 259
2 3 27
2 4 32
2 6 8
2 8 24
2 9 62
2 12 24
2 13 -56
2 15 28
2 20 36
2 25 8
2 27 96
2 32 4
2 33 -45
2 34 -4
2 36 28
2 37 9
2 39 -56
2 41 32
2 42 21
2 43 -12
2 44 48
2 45 72
2 49 -26
2 51 -16
2 52 -24
2 55 64
2 56 9
2 59 -42
2 60 -32
2 61 -30
2 63 52
2 64 6
2 74 14
2 76 -159
2 82 56
2 83 70
2 84 16
2 87 8
2 89 72
2 91 -16
2 92 18
2 94 12
2 95 -22
2 96 40
2 97 34
2 99 28
3 0 25
3 1 -3
3 2 27
3 3 489
3 4 -8
3 7 -35
3 8 -64
3 9 -63
3 12 48
3 13 -13
3 15 40
3 17 24
3 18 -24
3 22 20
3 23 -50
3 24 63
3 25 24
3 26 -3
3 27 72
3 29 -10
3 30 -116
3 32 92
3 33 17
3 34 9
3 36 -10
3 37 52
3 38 -8
3 39 -58
3 40 -4
3 41 -106
3 42 40
3 43 15
3 44 -38
3 45 24
3 46 -4
3 47 -54
3 48 32
3 49 -2
3 50 8
3 52 4
3 54 -32
3 55 -82
3 57 46
3 58 -18
3 62 -68
3 63 24
3 64 -76
3 65 36
3 66 20
3 67 -32
3 70 100
3 71 -9
3 72 32
3 73 64
3 76 -78
3 78 -58
3 79 -49
3 80 -24
3 82 108
3 83 -48
3 84 54
3 85 12
3 86 -32
3 88 -64
3 90 -72
3 92 18
3 94 16
3 95 34
3 96 98
3 97 -45
3 98 -24
3 99 -15
4 2 32
4 3 -8
4 4 575
4 6 -10
4 7 43
4 8 -30
4 9 -24
4 11 36
4 12 40
4 13 82
4 17 -49
4 18 27
4 19 7
4 21 21
4 22 3
4 24 -94
4 25 8
4 26 12
4 29 -86
4 30 68
4 32 -63
4 33 -150
4 34 -18
4 35 90
4 36 -28
4 37 75
4 38 -90
4 39 -80
4 41 -104
4 42 -2
4 44 -11
4 45 8
4 46 9
4 48 79
4 49 23
4 51 -32
4 52 18
4 53 -17
4 54 -96
4 55 3
4 56 -21
4 57 8
4 58 -6
4 60 12
4 62 -34
4 63 174
4 67 -6
4 68 50
4 69 -20
4 72 -24
4 73 19
4 74 126
4 76 -7
4 77 18
4 78 9
4 79 -28
4 83 36
4 85 6
4 86 24
4 87 -18
4 88 -1
4 89 -54
4 90 135
4 92 -21
4 94 -112
4 95 -2
4 96 31
4 97 9
4 98 -31
4 99 24
5 5 341
5 8 -12
5 9 20
5 10 26
5 12 -79
5 13 -21
5 14 70
5 18 24
5 19 40
5 21 -30
5 25 -44
5 26 -36
5 30 99
5 32 9
5 34 24
5 35 -12
5 36 18
5 41 51
5 43 15
5 44 60
5 45 -60
5 46 -70
5 47 -54
5 48 -21
5 49 102
5 53 36
5 56 12
5 58 -90
5 59 81
5 60 -30
5 61 -9
5 63 25
5 65 -90
5 66 -18
5 73 40
5 75 18
5 77 21
5 80 -40
5 81 -63
5 82 45
5 85 -54
5 87 21
5 91 50
5 92 -78
5 93 -27
5 94 -82
5 96 -63
5 97 -50
5 99 63
6 0 20
6 2 8
6 4 -10
6 6 285
6 7 -50
6 8 -20
6 10 -40
6 16 -1
6 17 90
6 18 6
6 20 21
6 21 10
6 22 20
6 26 60
6 30 20
6 34 -16
6 36 15
6 37 -10
6 41 12
6 43 -60
6 44 -6
6 45 -80
6 48 -14
6 49 56
6 50 15
6 51 -2
6 56 4
6 62 4
6 63 -18
6 64 -60
6 68 -2
6 69 27
6 74 50
6 75 20
6 76 -96
6 78 2
6 79 100
6 81 -90
6 85 -50
6 88 14
6 89 -30
6 91 -64
6 92 -8
6 93 -15
6 94 48
6 97 6
6 98 54
6 99 4
7 0 -10
7 3 -35
7 4 43
7 6 -50
7 7 487
7 8 40
7 9 -92
7 10 20
7 11 -12
7 17 71
7 18 -28
7 21 56
7 22 27
7 23 -4
7 24 -57
7 26 -32
7 27 -80
7 29 -72
7 31 -6
7 32 -35
7 33 45
7 34 -9
7 35 94
7 36 -71
7 37 4
7 38 -53
7 41 30
7 44 -56
7 45 140
7 46 -3
7 48 66
7 50 10
7 52 -2
7 53 -81
7 54 51
7 55 -21
7 57 -10
7 59 -27
7 60 12
7 61 49
7 62 20
7 63 27
7 64 110
7 66 24
7 68 45
7 72 -24
7 73 75
7 74 11
7 75 -34
7 76 57
7 77 3
7 79 -15
7 80 40
7 83 100
7 84 28
7 85 25
7 87 106
7 88 -3
7 89 -8
7 90 -15
7 94 -36
7 98 -25
8 2 24
8 3 -64
8 4 -30
8 5 -12
8 6 -20
8 7 40
8 8 635
8 9 72
8 11 -10
8 12 64
8 13 24
8 14 30
8 15 3
8 16 -32
8 17 6
8 18 -62
8 19 64
8 20 -26
8 21 80
8 22 -20
8 24 -54
8 26 30
8 27 -10
8 28 7
8 29 56
8 30 80
8 31 80
8 32 -64
8 34 -84
8 36 -62
8 37 44
8 38 40
8 39 -4
8 41 40
8 42 64
8 44 -50
8 45 54
8 47 48
8 48 16
8 49 54
8 50 56
8 53 -30
8 54 30
8 56 70
8 59 -50
8 61 134
8 62 2
8 63 16
8 64 16
8 66 -62
8 70 -24
8 73 114
8 75 -54
8 76 84
8 77 -10
8 78 9
8 80 32
8 81 30
8 82 -64
8 84 42
8 86 -8
8 87 -20
8 88 -62
8 90 64
8 92 88
8 93 54
8 94 48
8 95 16
8 96 45
8 97 -30
8 98 58
9 2 62
9 3 -63
9 4 -24
9 5 20
9 7 -92
9 8 72
9 9 409
9 11 -4
9 12 8
9 13 -12
9 15 12
9 18 -16
9 20 36
9 21 -44
9 22 1
9 23 84
9 24 -20
9 25 60
9 26 18
9 27 110
9 29 -4
9 30 89
9 32 -9
9 34 1
9 35 -41
9 39 53
9 40 3
9 41 48
9 42 36
9 44 -12
9 46 -32
9 47 54
9 48 3
9 50 -22
9 52 89
9 53 -16
9 59 -36
9 60 -56
9 61 -24
9 62 48
9 63 58
9 66 -20
9 69 30
9 70 -27
9 73 -26
9 74 18
9 75 45
9 76 -48
9 80 -51
9 82 -6
9 83 52
9 84 20
9 85 -81
9 86 -32
9 87 -20
9 88 -8
9 89 9
9 90 72
9 91 60
9 92 36
9 95 -48
9 96 5
9 97 -40
9 98 -54
10 0 -8
10 5 26
10 6 -40
10 7 20
10 10 110
10 12 7
10 13 10
10 14 -3
10 15 -32
10 19 56
10 20 12
10 21 -16
10 25 6
10 26 27
10 30 76
10 31 -8
10 32 -32
10 35 42
10 36 -36
10 38 -9
10 39 -8
10 41 36
10 42 -6
10 44 -7
10 45 8
10 47 -76
10 49 36
10 52 -40
10 53 1
10 56 -6
10 58 -40
10 64 8
10 65 9
10 66 -8
10 71 8
10 73 47
10 74 -20
10 76 20
10 77 36
10 79 -58
10 80 4
10 81 -43
10 85 20
10 86 -3
10 89 4
10 91 -20
10 93 -8
10 94 7
10 96 -34
10 98 -20
10 99 24
11 1 -54
11 4 36
11 7 -12
11 8 -10
11 9 -4
11 11 156
11 17 -60
11 23 -8
11 24 -48
11 25 -20
11 26 -42
11 27 100
11 29 4
11 30 60
11 31 -54
11 32 100
11 39 -14
11 44 -54
11 46 4
11 54 -100
11 60 14
11 61 -42
11 62 -20
11 63 32
11 75 100
11 81 18
11 84 24
11 88 8
11 90 26
11 94 -12
11 98 -12
12 0 40
12 2 24
12 3 48
12 4 40
12 5 -79
12 8 64
12 9 8
12 10 7
12 12 247
12 13 -68
12 14 -49
12 15 70
12 19 -28
12 20 -70
12 22 8
12 23 -80
12 24 -40
12 25 77
12 26 7
12 30 28
12 35 36
12 37 59
12 43 56
12 44 -49
12 45 10
12 53 12
12 56 -42
12 59 -9
12 60 14
12 64 16
12 65 63
12 66 -14
12 72 35
12 73 -8
12 74 -14
12 80 24
12 81 -7
12 84 48
12 85 6
12 86 -16
12 90 36
12 91 10
12 92 54
12 94 43
12 95 16
12 97 -72
12 99 -24
13 0 -35
13 2 -56
13 3 -13
13 4 82
13 5 -21
13 8 24
13 9 -12
13 10 10
13 12 -68
13 13 636
13 15 -8
13 16 -24
13 18 -72
13 19 10
13 20 -25
13 21 24
13 22 10
13 23 31
13 24 60
13 25 -15
13 26 76
13 27 -40
13 29 70
13 30 24
13 32 -30
13 33 -48
13 34 -80
13 35 16
13 36 15
13 37 -24
13 38 90
13 39 20
13 41 81
13 42 82
13 43 2
13 44 -84
13 45 45
13 46 56
13 47 -8
13 48 -14
13 49 -7
13 50 75
13 53 -171
13 54 25
13 55 -82
13 58 -22
13 59 43
13 60 30
13 61 24
13 62 45
13 63 -24
13 64 -16
13 65 42
13 66 -14
13 67 -56
13 69 48
13 70 36
13 71 54
13 73 148
13 74 -175
13 75 -46
13 76 28
13 77 32
13 79 -80
13 80 24
13 81 3
13 82 -16
13 83 8
13 84 -87
13 87 35
13 88 63
13 89 -84
13 90 25
13 91 72
13 92 -38
13 93 -79
13 94 -28
13 95 74
13 96 -3
13 97 3
13 98 70
13 99 10
14 5 70
14 8 30
14 10 -3
14 12 -49
14 14 76
14 15 -8
14 19 28
14 24 -45
14 25 -14
14 27 -8
14 34 -30
14 36 10
14 37 50
14 39 3
14 44 42
14 45 4
14 47 -13
14 48 -45
14 49 45
14 52 -10
14 56 42
14 59 -4
14 61 50
14 62 10
14 64 -4
14 65 -63
14 71 2
14 73 7
14 77 3
14 80 -28
14 84 35
14 85 7
14 89 1
14 93 46
14 94 -49
14 96 9
14 99 -1
15 0 40
15 2 28
15 3 40
15 8 3
15 9 12
15 10 -32
15 12 70
15 13 -8
15 14 -8
15 15 195
15 20 81
15 22 12
15 23 -80
15 28 21
15 32 24
15 36 49
15 39 -36
15 43 35
15 45 15
15 47 80
15 49 -70
15 52 38
15 53 -12
15 60 -56
15 64 32
15 66 -39
15 71 -16
15 76 18
15 78 27
15 80 -6
15 84 48
15 86 -24
15 89 -8
15 91 15
15 93 -8
15 94 -9
15 97 -9
15 99 26
16 6 -1
16 8 -32
16 13 -24
16 16 169
16 20 27
16 21 -40
16 23 -64
16 29 -28
16 30 -12
16 33 -56
16 36 25
16 42 -32
16 45 -24
16 47 -80
16 50 -3
16 56 30
16 57 -80
16 60 -20
16 61 4
16 62 -16
16 63 -8
16 66 4
16 68 8
16 69 45
16 73 -96
16 75 -40
16 78 -8
16 80 -16
16 85 64
16 92 60
16 93 -25
16 94 -24
16 99 -16
17 3 24
17 4 -49
17 6 90
17 7 71
17 8 6
17 11 -60
17 17 289
17 18 -73
17 19 -3
17 21 -80
17 22 15
17 24 -87
17 25 80
17 26 54
17 27 -60
17 29 8
17 30 -64
17 32 -33
17 33 30
17 34 40
17 35 56
17 36 4
17 37 -12
17 38 -31
17 39 18
17 42 3
17 43 -49
17 45 30
17 46 -5
17 47 45
17 48 -10
17 50 8
17 51 -9
17 52 -8
17 53 -6
17 62 6
17 63 -3
17 67 9
17 68 -5
17 71 45
17 72 -28
17 73 75
17 74 -16
17 75 -42
17 76 -6
17 80 -64
17 81 -81
17 83 14
17 85 -3
17 86 -12
17 87 98
17 88 6
17 89 -27
17 94 4
17 96 -30
17 98 -12
17 99 -25
18 0 -6
18 3 -24
18 4 27
18 5 24
18 6 6
18 7 -28
18 8 -62
18 9 -16
18 13 -72
18 17 -73
18 18 397
18 21 80
18 22 53
18 23 10
18 24 75
18 25 -80
18 26 -83
18 28 -80
18 29 13
18 30 59
18 32 24
18 33 -30
18 34 24
18 36 48
18 39 20
18 40 70
18 41 -72
18 42 -55
18 43 -4
18 44 -9
18 45 50
18 46 7
18 48 -21
18 49 -2
18 52 -14
18 53 -7
18 56 -21
18 59 -14
18 60 60
18 61 -24
18 62 -32
18 63 -70
18 65 -24
18 66 -30
18 67 -9
18 72 40
18 73 13
18 75 8
18 76 -77
18 77 4
18 80 64
18 83 18
18 84 -49
18 85 3
18 86 12
18 88 45
18 92 -64
18 93 -10
18 97 29
18 98 -4
19 0 32
19 4 7
19 5 40
19 8 64
19 10 56
19 12 -28
19 13 10
19 14 28
19 17 -3
19 19 314
19 20 -12
19 25 -8
19 29 63
19 30 92
19 31 80
19 32 -9
19 34 -8
19 35 70
19 36 -60
19 39 12
19 42 -6
19 43 -81
19 44 55
19 45 -4
19 46 30
19 47 -52
19 50 36
19 52 45
19 53 2
19 56 24
19 62 2
19 65 -36
19 66 72
19 70 -24
19 73 84
19 74 4
19 76 10
19 80 -16
19 82 -54
19 83 36
19 84 -27
19 86 -8
19 87 -10
19 88 16
19 89 60
19 92 64
19 94 -28
19 95 12
19 96 104
19 98 28
20 2 36
20 6 21
20 8 -26
20 9 36
20 10 12
20 12 -70
20 13 -25
20 15 81
20 16 27
20 19 -12
20 20 368
20 23 17
20 25 -45
20 26 -10
20 28 42
20 30 48
20 31 -40
20 32 48
20 33 7
20 34 4
20 35 14
20 36 86
20 37 -50
20 39 -24
20 42 -2
20 43 -27
20 44 -9
20 47 6
20 49 -90
20 50 -10
20 52 -54
20 56 42
20 57 10
20 59 -81
20 60 -92
20 66 -34
20 69 63
20 70 12
20 72 -50
20 73 24
20 74 60
20 75 5
20 76 32
20 78 54
20 81 10
20 85 -8
20 86 4
20 88 -4
20 92 -32
20 93 -35
20 96 -40
20 97 81
20 99 54
21 1 100
21 4 21
21 5 -30
21 6 10
21 7 56
21 8 80
21 9 -44
21 10 -16
21 13 24
21 16 -40
21 17 -80
21 18 80
21 21 563
21 22 -100
21 23 22
21 24 160
21 25 -104
21 26 -40
21 27 -90
21 30 252
21 31 8
21 32 -38
21 34 -50
21 36 -40
21 37 21
21 38 32
21 39 20
21 40 100
21 44 -52
21 45 74
21 46 -12
21 47 50
21 49 10
21 52 42
21 53 -102
21 54 24
21 55 7
21 59 -40
21 60 36
21 61 56
21 62 10
21 63 -30
21 68 -5
21 69 18
21 72 48
21 73 46
21 77 -36
21 78 5
21 79 -30
21 80 80
21 82 -54
21 83 3
21 85 -48
21 89 40
21 91 -13
21 92 -5
21 95 -100
21 96 -60
21 97 60
21 99 50
22 0 102
22 1 -75
22 3 20
22 4 3
22 6 20
22 7 27
22 8 -20
22 9 1
22 12 8
22 13 10
22 15 12
22 17 15
22 18 53
22 21 -100
22 22 526
22 23 -21
22 24 -69
22 25 48
22 26 3
22 27 90
22 29 -48
22 30 -40
22 31 98
22 32 -41
22 33 24
22 34 24
22 36 78
22 37 7
22 38 -27
22 39 -35
22 40 -105
22 43 -15
22 45 -20
22 46 -49
22 47 -50
22 48 70
22 49 9
22 51 4
22 52 5
22 53 11
22 54 50
22 56 -50
22 58 -12
22 60 18
22 62 44
22 63 9
22 64 64
22 65 -40
22 66 -78
22 68 15
22 70 85
22 73 -20
22 74 -88
22 75 4
22 76 -38
22 77 -28
22 80 -78
22 81 -42
22 82 24
22 84 -90
22 86 -32
22 89 -22
22 90 -3
22 91 20
22 92 15
22 93 42
22 95 180
22 96 -4
22 99 -40
23 0 -68
23 1 2
23 3 -50
23 7 -4
23 9 84
23 11 -8
23 12 -80
23 13 31
23 15 -80
23 16 -64
23 18 10
23 20 17
23 21 22
23 22 -21
23 23 288
23 25 61
23 26 -9
23 29 -8
23 30 -9
23 32 -21
23 33 56
23 36 20
23 39 -20
23 42 16
23 43 -70
23 44 -1
23 46 27
23 47 80
23 49 -6
23 50 -5
23 52 78
23 57 80
23 59 -11
23 60 -28
23 63 -10
23 66 2
23 72 30
23 73 64
23 75 40
23 76 -8
23 77 12
23 78 -28
23 84 -67
23 85 -132
23 87 8
23 88 -16
23 89 -4
23 92 72
23 93 -18
23 94 24
23 95 2
23 96 6
23 97 90
23 99 30
24 1 96
24 3 63
24 4 -94
24 7 -57
24 8 -54
24 9 -20
24 11 -48
24 12 -40
24 13 60
24 14 -45
24 17 -87
24 18 75
24 21 160
24 22 -69
24 24 690
24 25 -100
24 26 83
24 27 -54
24 29 99
24 30 -15
24 31 62
24 33 -81
24 34 -3
24 35 -90
24 36 -6
24 37 -92
24 38 43
24 39 32
24 40 60
24 41 -94
24 42 50
24 43 18
24 44 -18
24 45 41
24 46 -61
24 47 12
24 48 31
24 49 -75
24 53 -55
24 54 80
24 55 -32
24 57 18
24 61 6
24 62 -36
24 63 -51
24 65 60
24 67 -80
24 68 55
24 71 -18
24 72 -34
24 73 251
24 74 -82
24 76 40
24 79 -63
24 80 115
24 81 -24
24 84 -95
24 87 50
24 88 85
24 89 -28
24 90 -98
24 92 -40
24 93 -101
24 94 12
24 95 -48
24 96 12
24 98 150
24 99 34
25 0 15
25 1 8
25 2 8
25 3 24
25 4 8
25 5 -44
25 9 60
25 10 6
25 11 -20
25 12 77
25 13 -15
25 14 -14
25 17 80
25 18 -80
25 19 -8
25 20 -45
25 21 -104
25 22 48
25 23 61
25 24 -100
25 25 462
25 26 13
25 27 12
25 28 -30
25 29 -108
25 30 -111
25 31 76
25 32 -45
25 33 20
25 34 46
25 35 -1
25 36 20
25 37 45
25 38 -3
25 39 -75
25 43 -8
25 44 -23
25 45 50
25 46 20
25 47 -12
25 49 36
25 50 -25
25 51 -24
25 54 -72
25 56 20
25 58 -44
25 59 -65
25 60 -4
25 61 -4
25 62 -16
25 64 24
25 65 18
25 66 14
25 70 6
25 72 45
25 73 -42
25 74 -26
25 76 -48
25 77 36
25 78 -18
25 80 -81
25 81 -9
25 82 64
25 85 28
25 87 18
25 88 -40
25 89 6
25 90 -41
25 91 -5
25 92 8
25 94 82
25 97 -31
25 98 -2
25 99 18
26 0 18
26 1 63
26 3 -3
26 4 12
26 5 -36
26 6 60
26 7 -32
26 8 30
26 9 18
26 10 27
26 11 -42
26 12 7
26 13 76
26 17 54
26 18 -83
26 20 -10
26 21 -40
26 22 3
26 23 -9
26 24 83
26 25 13
26 26 372
26 30 -46
26 31 63
26 32 -23
26 33 -27
26 34 -68
26 35 2
26 36 -35
26 37 4
26 38 -47
26 39 70
26 40 6
26 41 82
26 43 -36
26 44 103
26 45 10
26 46 -16
26 48 -48
26 49 6
26 51 -6
26 52 -6
26 53 24
26 54 55
26 56 8
26 57 6
26 59 25
26 60 -14
26 61 44
26 62 -12
26 64 24
26 66 -32
26 70 -54
26 72 5
26 73 5
26 74 -6
26 75 -56
26 76 24
26 77 -16
26 79 -75
26 80 36
26 81 -121
26 83 18
26 84 -28
26 86 -9
26 87 -8
26 89 -18
26 90 -7
26 92 62
26 93 18
26 94 2
26 95 -48
26 96 -18
26 98 32
27 1 -36
27 2 96
27 3 72
27 7 -80
27 8 -10
27 9 110
27 11 100
27 13 -40
27 14 -8
27 17 -60
27 21 -90
27 22 90
27 24 -54
27 25 12
27 27 513
27 28 -40
27 29 -32
27 30 -45
27 32 100
27 35 -30
27 38 -4
27 39 -70
27 40 -90
27 41 22
27 44 92
27 45 -37
27 47 -37
27 48 30
27 49 -9
27 50 6
27 54 -40
27 55 80
27 57 24
27 59 -8
27 62 -130
27 63 36
27 64 -54
27 67 -42
27 70 48
27 72 12
27 75 150
27 76 48
27 77 12
27 80 -50
27 82 64
27 84 16
27 85 -56
27 87 -8
27 89 100
27 90 -28
27 94 12
27 95 72
27 96 -32
27 97 -36
27 98 20
27 99 -36
28 8 7
28 15 21
28 18 -80
28 20 42
28 25 -30
28 27 -40
28 28 302
28 29 80
28 31 63
28 32 56
28 33 10
28 35 20
28 37 2
28 38 10
28 39 -28
28 41 18
28 46 14
28 47 40
28 54 100
28 62 24
28 66 -42
28 74 -21
28 76 42
28 77 -90
28 78 63
28 85 16
28 87 20
28 90 70
28 97 90
28 99 14
29 1 30
29 3 -10
29 4 -86
29 7 -72
29 8 56
29 9 -4
29 11 4
29 13 70
29 16 -28
29 17 8
29 18 13
29 19 63
29 22 -48
29 23 -8
29 24 99
29 25 -108
29 27 -32
29 28 80
29 29 612
29 30 35
29 31 -48
29 33 -16
29 34 12
29 36 124
29 37 -24
29 38 80
29 39 14
29 40 14
29 41 -56
29 42 77
29 43 -27
29 44 -15
29 45 79
29 47 32
29 48 -88
29 50 61
29 51 24
29 52 35
29 53 33
29 54 -24
29 55 -24
29 58 48
29 59 -54
29 60 13
29 61 -7
29 62 16
29 63 -10
29 65 24
29 66 -7
29 67 -40
29 68 -40
29 71 72
29 72 -70
29 73 145
29 74 -59
29 75 -8
29 76 124
29 77 -84
29 78 20
29 80 28
29 82 -106
29 83 32
29 84 -61
29 87 20
29 88 44
29 90 128
29 92 -65
29 93 -73
29 94 62
29 96 52
29 97 76
29 98 110
29 99 -16
30 0 -16
30 1 -65
30 3 -116
30 4 68
30 5 99
30 6 20
30 8 80
30 9 89
30 10 76
30 11 60
30 12 28
30 13 24
30 16 -12
30 17 -64
30 18 59
30 19 92
30 20 48
30 21 252
30 22 -40
30 23 -9
30 24 -15
30 25 -111
30 26 -46
30 27 -45
30 29 35
30 30 749
30 31 -84
30 32 -18
30 34 -50
30 35 121
30 36 -40
30 39 15
30 40 55
30 41 23
30 42 -10
30 43 20
30 44 -89
30 45 -19
30 46 -90
30 47 39
30 48 -40
30 49 66
30 50 20
30 51 21
30 52 -5
30 53 98
30 54 -94
30 56 -94
30 58 -67
30 61 -70
30 62 8
30 66 -34
30 68 -4
30 69 36
30 70 -45
30 72 -50
30 73 147
30 74 49
30 76 20
30 77 -27
30 78 4
30 80 94
30 81 -19
30 82 -80
30 83 -18
30 84 40
30 87 2
30 89 -34
30 90 153
30 91 15
30 92 -31
30 93 -21
30 94 -12
30 95 -98
30 96 -165
30 98 36
30 99 77
31 0 50
31 1 81
31 7 -6
31 8 80
31 10 -8
31 11 -54
31 19 80
31 20 -40
31 21 8
31 22 98
31 24 62
31 25 76
31 26 63
31 28 63
31 29 -48
31 30 -84
31 31 406
31 32 -54
31 33 12
31 34 -10
31 39 46
31 43 -6
31 44 81
31 45 12
31 51 -18
31 54 90
31 55 14
31 58 -24
31 60 36
31 61 63
31 62 -12
31 64 80
31 66 40
31 70 -30
31 74 -27
31 76 -26
31 77 -18
31 80 -50
31 81 -27
31 82 48
31 84 -36
31 86 -10
31 88 12
31 89 20
31 90 -15
31 91 10
31 92 80
31 96 100
31 99 18
32 0 -35
32 1 -30
32 2 4
32 3 92
32 4 -63
32 5 9
32 7 -35
32 8 -64
32 9 -9
32 10 -32
32 11 100
32 13 -30
32 15 24
32 17 -33
32 18 24
32 19 -9
32 20 48
32 21 -38
32 22 -41
32 23 -21
32 25 -45
32 26 -23
32 27 100
32 28 56
32 30 -18
32 31 -54
32 32 550
32 34 24
32 36 13
32 38 -30
32 39 41
32 40 -3
32 41 -30
32 42 -36
32 44 40
32 45 48
32 46 18
32 48 24
32 49 -70
32 52 3
32 53 27
32 54 -15
32 59 15
32 61 -46
32 62 -38
32 64 -56
32 66 -48
32 70 27
32 73 -25
32 74 -22
32 75 118
32 76 -72
32 77 -72
32 78 44
32 80 17
32 85 -42
32 87 50
32 88 90
32 89 -26
32 91 40
32 92 -15
32 95 30
32 96 18
32 97 -2
32 98 50
32 99 4
33 2 -45
33 3 17
33 4 -150
33 7 45
33 13 -48
33 16 -56
33 17 30
33 18 -30
33 20 7
33 22 24
33 23 56
33 24 -81
33 25 20
33 26 -27
33 28 10
33 29 -16
33 31 12
33 33 324
33 35 36
33 37 -58
33 41 99
33 42 50
33 43 -2
33 45 -40
33 46 35
33 47 70
33 51 -6
33 53 54
33 54 -18
33 56 -5
33 57 52
33 58 -8
33 60 12
33 62 -8
33 66 4
33 67 30
33 70 6
33 72 40
33 73 -34
33 75 35
33 76 33
33 78 10
33 79 63
33 82 16
33 83 -60
33 85 -26
33 86 -40
33 88 -80
33 89 36
33 90 -14
33 92 8
33 94 48
33 98 -2
33 99 10
34 2 -4
34 3 9
34 4 -18
34 5 24
34 6 -16
34 7 -9
34 8 -84
34 9 1
34 13 -80
34 14 -30
34 17 40
34 18 24
34 19 -8
34 20 4
34 21 -50
34 22 24
34 24 -3
34 25 46
34 26 -68
34 29 12
34 30 -50
34 31 -10
34 32 24
34 34 265
34 35 -20
34 36 12
34 37 -64
34 41 -80
34 44 -24
34 45 -6
34 46 9
34 47 -6
34 48 54
34 49 -68
34 53 18
34 55 -9
34 60 -12
34 61 -84
34 63 6
34 66 -28
34 67 -24
34 68 -10
34 70 3
34 73 -20
34 75 42
34 76 7
34 77 -39
34 80 -69
34 81 -36
34 82 8
34 84 -42
34 86 1
34 87 -12
34 88 -1
34 89 4
34 90 -8
34 91 16
34 92 -72
34 93 -54
34 94 -12
34 96 -65
34 98 24
34 99 -48
35 4 90
35 5 -12
35 7 94
35 9 -41
35 10 42
35 12 36
35 13 16
35 17 56
35 19 70
35 20 14
35 24 -90
35 25 -1
35 26 2
35 27 -30
35 28 20
35 30 121
35 33 36
35 34 -20
35 35 366
35 36 -42
35 37 10
35 41 90
35 42 -7
35 45 90
35 46 80
35 47 -14
35 48 -9
35 50 7
35 52 -7
35 53 45
35 54 63
35 56 16
35 62 -80
35 63 -6
35 66 -14
35 70 -21
35 73 119
35 74 63
35 75 -15
35 78 -35
35 80 45
35 83 28
35 85 80
35 87 70
35 89 -3
35 90 123
35 92 -28
35 94 4
35 98 7
35 99 -35
36 0 18
36 1 40
36 2 28
36 3 -10
36 4 -28
36 5 18
36 6 15
36 7 -71
36 8 -62
36 10 -36
36 13 15
36 14 10
36 15 49
36 16 25
36 17 4
36 18 48
36 19 -60
36 20 86
36 21 -40
36 22 78
36 23 20
36 24 -6
36 25 20
36 26 -35
36 29 124
36 30 -40
36 32 13
36 34 12
36 35 -42
36 36 413
36 37 8
36 38 16
36 41 -60
36 42 6
36 43 -21
36 44 40
36 45 11
36 47 12
36 48 -58
36 49 -52
36 50 25
36 52 -42
36 53 45
36 54 -10
36 56 30
36 59 25
36 60 -56
36 61 -33
36 62 45
36 63 -12
36 67 16
36 68 -20
36 69 45
36 70 36
36 71 90
36 73 -73
36 74 -106
36 75 36
36 76 60
36 77 24
36 78 -15
36 84 -67
36 85 35
36 87 42
36 92 -48
36 93 -7
36 94 16
36 95 54
36 96 106
36 97 63
36 99 74
37 2 9
37 3 52
37 4 75
37 6 -10
37 7 4
37 8 44
37 12 59
37 13 -24
37 14 50
37 17 -12
37 20 -50
37 21 21
37 22 7
37 24 -92
37 25 45
37 26 4
37 28 2
37 29 -24
37 33 -58
37 34 -64
37 35 10
37 36 8
37 37 347
37 38 -27
37 41 -33
37 43 6
37 45 10
37 46 79
37 48 -60
37 49 130
37 51 1
37 52 18
37 53 -24
37 54 48
37 55 -69
37 57 14
37 60 26
37 61 100
37 62 -36
37 63 57
37 64 6
37 66 32
37 68 -65
37 72 25
37 73 49
37 74 -18
37 75 6
37 77 4
37 78 72
37 79 -49
37 80 -40
37 81 4
37 84 70
37 85 8
37 87 8
37 89 35
37 92 -3
37 93 90
37 94 -12
37 95 -10
37 96 32
37 98 -40
38 3 -8
38 4 -90
38 7 -53
38 8 40
38 10 -9
38 13 90
38 17 -31
38 21 32
38 22 -27
38 24 43
38 25 -3
38 26 -47
38 27 -4
38 28 10
38 29 80
38 32 -30
38 36 16
38 37 -27
38 38 272
38 43 2
38 44 -32
38 45 80
38 46 8
38 47 -68
38 48 -90
38 49 7
38 50 20
38 53 -21
38 54 22
38 59 -20
38 61 28
38 63 -67
38 68 -45
38 71 -12
38 72 64
38 73 -56
38 74 -136
38 76 9
38 77 -9
38 78 7
38 79 18
38 81 15
38 86 3
38 87 2
38 90 7
38 94 36
38 95 40
38 96 54
38 97 9
38 98 -3
38 99 40
39 1 36
39 2 -56
39 3 -58
39 4 -80
39 8 -4
39 9 53
39 10 -8
39 11 -14
39 13 20
39 14 3
39 15 -36
39 17 18
39 18 20
39 19 12
39 20 -24
39 21 20
39 22 -35
39 23 -20
39 24 32
39 25 -75
39 26 70
39 27 -70
39 28 -28
39 29 14
39 30 15
39 31 46
39 32 41
39 39 328
39 40 21
39 41 7
39 42 -32
39 44 -1
39 45 20
39 46 9
39 47 -30
39 48 -56
39 49 -45
39 52 -37
39 53 -12
39 54 110
39 55 -40
39 58 39
39 59 28
39 60 26
39 61 28
39 62 44
39 64 -12
39 66 24
39 69 35
39 70 -63
39 71 6
39 74 1
39 75 -36
39 76 -8
39 77 -45
39 78 -36
39 80 42
39 81 -32
39 82 -28
39 84 -16
39 87 36
39 88 89
39 89 -30
39 90 -36
39 91 25
39 92 -21
39 93 3
39 94 -30
39 95 -50
39 96 -8
39 97 16
39 98 -63
39 99 -3
40 1 40
40 3 -4
40 9 3
40 18 70
40 21 100
40 22 -105
40 24 60
40 26 6
40 27 -90
40 29 14
40 30 55
40 32 -3
40 39 21
40 40 150
40 42 -28
40 45 85
40 47 50
40 48 -8
40 49 10
40 52 -1
40 60 42
40 70 -9
40 75 -28
40 76 4
40 80 6
40 92 -3
40 95 -88
40 97 14
40 99 40
41 2 32
41 3 -106
41 4 -104
41 5 51
41 6 12
41 7 30
41 8 40
41 9 48
41 10 36
41 13 81
41 18 -72
41 24 -94
41 26 82
41 27 22
41 28 18
41 29 -56
41 30 23
41 32 -30
41 33 99
41 34 -80
41 35 90
41 36 -60
41 37 -33
41 39 7
41 41 575
41 43 -32
41 44 74
41 46 63
41 47 -54
41 49 81
41 50 -8
41 51 24
41 53 -20
41 55 56
41 57 -44
41 58 -90
41 59 -28
41 60 -24
41 61 30
41 62 56
41 63 -54
41 64 72
41 66 -18
41 67 56
41 69 40
41 70 -64
41 72 64
41 73 -116
41 74 24
41 75 -60
41 76 -64
41 79 42
41 81 -63
41 82 28
41 85 72
41 89 63
41 92 80
41 93 -59
41 94 -16
41 96 -63
41 98 -152
41 99 63
42 2 21
42 3 40
42 4 -2
42 8 64
42 9 36
42 10 -6
42 13 82
42 16 -32
42 17 3
42 18 -55
42 19 -6
42 20 -2
42 23 16
42 24 50
42 29 77
42 30 -10
42 32 -36
42 33 50
42 35 -7
42 36 6
42 39 -32
42 40 -28
42 42 242
42 44 -45
42 45 31
42 47 2
42 48 -10
42 50 48
42 52 20
42 53 -12
42 55 -30
42 57 36
42 59 -6
42 60 16
42 61 -20
42 62 8
42 63 16
42 65 30
42 66 -8
42 67 -25
42 71 -2
42 72 20
42 73 106
42 74 13
42 75 16
42 76 -2
42 80 32
42 85 -23
42 86 -20
42 87 1
42 88 -35
42 92 -66
42 93 -70
42 94 48
42 95 -12
42 97 -8
42 98 86
43 0 35
43 2 -12
43 3 15
43 5 15
43 6 -60
43 12 56
43 13 2
43 15 35
43 17 -49
43 18 -4
43 19 -81
43 20 -27
43 22 -15
43 23 -70
43 24 18
43 25 -8
43 26 -36
43 29 -27
43 30 20
43 31 -6
43 33 -2
43 36 -21
43 37 6
43 38 2
43 41 -32
43 43 244
43 44 -27
43 45 -10
43 46 4
43 47 9
43 48 -35
43 49 65
43 50 -34
43 51 9
43 52 -27
43 53 28
43 55 35
43 58 4
43 60 18
43 62 2
43 63 -4
43 64 -15
43 66 -25
43 71 15
43 72 -28
43 73 68
43 74 -10
43 75 -12
43 76 6
43 77 35
43 81 54
43 82 46
43 84 69
43 85 -25
43 87 35
43 89 18
43 90 1
43 93 16
43 95 4
43 96 -6
43 97 -90
43 98 40
43 99 -44
44 1 81
44 2 48
44 3 -38
44 4 -11
44 5 60
44 6 -6
44 7 -56
44 8 -50
44 9 -12
44 10 -7
44 11 -54
44 12 -49
44 13 -84
44 14 42
44 18 -9
44 19 55
44 20 -9
44 21 -52
44 23 -1
44 24 -18
44 25 -23
44 26 103
44 27 92
44 29 -15
44 30 -89
44 31 81
44 32 40
44 34 -24
44 36 40
44 38 -32
44 39 -1
44 41 74
44 42 -45
44 43 -27
44 44 416
44 45 3
44 46 16
44 47 21
44 48 39
44 49 -9
44 50 13
44 52 15
44 53 108
44 54 72
44 55 102
44 56 63
44 57 -16
44 58 3
44 59 53
44 60 12
44 61 7
44 62 -50
44 63 -10
44 64 36
44 65 -117
44 66 -2
44 67 100
44 70 -32
44 72 -8
44 73 -123
44 76 -47
44 77 -21
44 80 -28
44 81 -27
44 82 -12
44 84 -45
44 85 -49
44 87 -73
44 88 -102
44 89 54
44 90 -9
44 91 -20
44 92 36
44 93 36
44 94 -57
44 96 -63
44 97 11
44 98 -96
45 0 -22
45 1 20
45 2 72
45 3 24
45 4 8
45 5 -60
45 6 -80
45 7 140
45 8 54
45 10 8
45 12 10
45 13 45
45 14 4
45 15 15
45 16 -24
45 17 30
45 18 50
45 19 -4
45 21 74
45 22 -20
45 24 41
45 25 50
45 26 10
45 27 -37
45 29 79
45 30 -19
45 31 12
45 32 48
45 33 -40
45 34 -6
45 35 90
45 36 11
45 37 10
45 38 80
45 39 20
45 40 85
45 42 31
45 43 -10
45 44 3
45 45 604
45 46 57
45 47 -54
45 48 -9
45 49 50
45 50 28
45 52 -10
45 53 -20
45 54 -19
45 56 88
45 58 -12
45 59 -14
45 60 60
45 61 4
45 62 -5
45 63 12
45 64 48
45 66 -51
45 70 4
45 71 -96
45 72 80
45 73 68
45 74 -59
45 75 -20
45 76 -32
45 77 -57
45 79 -80
45 80 14
45 83 31
45 84 -2
45 85 33
45 86 -40
45 87 101
45 91 55
45 92 -42
45 93 -6
45 94 41
45 95 -34
45 96 45
45 97 10
45 98 -47
45 99 70
46 0 -18
46 1 -36
46 3 -4
46 4 9
46 5 -70
46 7 -3
46 9 -32
46 11 4
46 13 56
46 17 -5
46 18 7
46 19 30
46 21 -12
46 22 -49
46 23 27
46 24 -61
46 25 20
46 26 -16
46 28 14
46 30 -90
46 32 18
46 33 35
46 34 9
46 35 80
46 37 79
46 38 8
46 39 9
46 41 63
46 43 4
46 44 16
46 45 57
46 46 325
46 47 -33
46 49 -14
46 54 -10
46 55 -74
46 56 40
46 60 48
46 62 -56
46 63 22
46 64 -3
46 66 25
46 68 -90
46 71 -9
46 72 12
46 73 -7
46 77 28
46 80 -45
46 82 -72
46 83 27
46 85 51
46 87 -3
46 88 9
46 89 42
46 90 5
46 91 -80
46 93 -42
46 94 10
46 95 18
46 96 60
46 97 80
46 98 13
46 99 5
47 0 -64
47 1 20
47 3 -54
47 5 -54
47 8 48
47 9 54
47 10 -76
47 13 -8
47 14 -13
47 15 80
47 16 -80
47 17 45
47 19 -52
47 20 6
47 21 50
47 22 -50
47 23 80
47 24 12
47 25 -12
47 27 -37
47 28 40
47 29 32
47 30 39
47 33 70
47 34 -6
47 35 -14
47 36 12
47 38 -68
47 39 -30
47 40 50
47 41 -54
47 42 2
47 43 9
47 44 21
47 45 -54
47 46 -33
47 47 471
47 49 -49
47 52 100
47 53 -24
47 54 40
47 57 100
47 58 60
47 59 12
47 62 -30
47 64 40
47 66 -68
47 71 61
47 72 -72
47 73 127
47 75 50
47 77 -45
47 81 42
47 82 -48
47 83 -72
47 85 -101
47 87 16
47 89 -10
47 90 76
47 93 8
47 95 -40
47 96 -117
47 97 36
47 98 -56
47 99 -57
48 3 32
48 4 79
48 5 -21
48 6 -14
48 7 66
48 8 16
48 9 3
48 13 -14
48 14 -45
48 17 -10
48 18 -21
48 22 70
48 24 31
48 26 -48
48 27 30
48 29 -88
48 30 -40
48 32 24
48 34 54
48 35 -9
48 36 -58
48 37 -60
48 38 -90
48 39 -56
48 40 -8
48 42 -10
48 43 -35
48 44 39
48 45 -9
48 48 356
48 49 -130
48 52 8
48 53 8
48 55 12
48 56 49
48 61 -90
48 63 36
48 65 -12
48 67 16
48 68 50
48 70 72
48 73 -69
48 74 40
48 75 15
48 76 9
48 77 -49
48 80 -63
48 84 -63
48 87 -59
48 88 -67
48 89 3
48 92 32
48 93 -73
48 94 -40
48 95 64
48 97 -21
48 98 -34
49 0 12
49 1 -3
49 2 -26
49 3 -2
49 4 23
49 5 102
49 6 56
49 8 54
49 10 36
49 13 -7
49 14 45
49 15 -70
49 18 -2
49 20 -90
49 21 10
49 22 9
49 23 -6
49 24 -75
49 25 36
49 26 6
49 27 -9
49 30 66
49 32 -70
49 34 -68
49 36 -52
49 37 130
49 38 7
49 39 -45
49 40 10
49 41 81
49 43 65
49 44 -9
49 45 50
49 46 -14
49 47 -49
49 48 -130
49 49 521
49 51 3
49 52 60
49 53 36
49 54 -24
49 56 -10
49 58 -117
49 60 80
49 61 90
49 66 -18
49 73 49
49 76 35
49 77 41
49 78 94
49 81 -63
49 84 63
49 87 49
49 89 -10
49 91 -56
49 93 66
49 94 42
49 95 -18
49 96 -43
49 97 -90
49 98 -26
49 99 7
50 3 8
50 6 15
50 7 10
50 8 56
50 9 -22
50 13 75
50 16 -3
50 17 8
50 19 36
50 20 -10
50 23 -5
50 25 -25
50 27 6
50 29 61
50 30 20
50 35 7
50 36 25
50 38 20
50 41 -8
50 42 48
50 43 -34
50 44 13
50 45 28
50 50 234
50 52 19
50 54 -56
50 56 30
50 57 4
50 58 14
50 59 93
50 60 35
50 61 -7
50 62 -5
50 63 6
50 64 -9
50 66 -17
50 67 -7
50 69 45
50 70 8
50 71 28
50 72 2
50 73 61
50 74 4
50 76 8
50 80 28
50 82 -24
50 83 32
50 84 -47
50 87 10
50 90 56
50 92 -49
50 93 -20
50 94 44
50 95 8
51 1 -21
51 2 -16
51 4 -32
51 6 -2
51 17 -9
51 22 4
51 25 -24
51 26 -6
51 29 24
51 30 21
51 31 -18
51 33 -6
51 37 1
51 41 24
51 43 9
51 49 3
51 51 35
51 56 -30
51 58 12
51 60 -18
51 62 6
51 63 -36
51 75 -2
51 76 18
51 81 9
51 82 -24
51 89 -27
51 90 3
52 2 -24
52 3 4
52 4 18
52 7 -2
52 9 89
52 10 -40
52 14 -10
52 15 38
52 17 -8
52 18 -14
52 19 45
52 20 -54
52 21 42
52 22 5
52 23 78
52 26 -6
52 29 35
52 30 -5
52 32 3
52 35 -7
52 36 -42
52 37 18
52 39 -37
52 40 -1
52 42 20
52 43 -27
52 44 15
52 45 -10
52 47 100
52 48 8
52 49 60
52 50 19
52 52 328
52 55 6
52 59 4
52 60 48
52 63 20
52 64 40
52 70 9
52 71 -20
52 72 8
52 73 -51
52 74 25
52 76 12
52 80 -6
52 82 -30
52 83 -4
52 84 -1
52 85 -90
52 86 -35
52 87 -10
52 89 -10
52 92 11
52 93 -10
52 95 8
52 97 -54
52 99 -26
53 4 -17
53 5 36
53 7 -81
53 8 -30
53 9 -16
53 10 1
53 12 12
53 13 -171
53 15 -12
53 17 -6
53 18 -7
53 19 2
53 21 -102
53 22 11
53 24 -55
53 26 24
53 29 33
53 30 98
53 32 27
53 33 54
53 34 18
53 35 45
53 36 45
53 37 -24
53 38 -21
53 39 -12
53 41 -20
53 42 -12
53 43 28
53 44 108
53 45 -20
53 47 -24
53 48 8
53 49 36
53 53 449
53 54 -27
53 55 24
53 58 -40
53 59 45
53 60 -24
53 61 -63
53 62 4
53 65 -24
53 66 -28
53 67 32
53 69 -60
53 72 -70
53 73 -86
53 74 43
53 75 -12
53 76 -12
53 77 -6
53 79 130
53 80 8
53 81 -3
53 83 -10
53 86 37
53 87 -44
53 88 -56
53 89 54
53 90 45
53 91 -110
53 92 16
53 93 32
53 94 84
53 96 -18
53 98 78
53 99 28
54 0 10
54 1 78
54 3 -32
54 4 -96
54 7 51
54 8 30
54 11 -100
54 13 25
54 21 24
54 22 50
54 24 80
54 25 -72
54 26 55
54 27 -40
54 28 100
54 29 -24
54 30 -94
54 31 90
54 32 -15
54 33 -18
54 35 63
54 36 -10
54 37 48
54 38 22
54 39 110
54 44 72
54 45 -19
54 46 -10
54 47 40
54 49 -24
54 50 -56
54 53 -27
54 54 667
54 55 40
54 58 62
54 59 -15
54 61 91
54 62 25
54 63 -80
54 66 -18
54 70 -7
54 71 -36
54 73 15
54 74 -40
54 75 -70
54 76 -24
54 77 -90
54 78 1
54 81 -80
54 83 -32
54 84 -45
54 87 20
54 90 -80
54 92 -36
54 93 40
54 95 18
54 96 -24
54 97 120
54 98 83
54 99 -45
55 2 64
55 3 -82
55 4 3
55 7 -21
55 13 -82
55 21 7
55 24 -32
55 27 80
55 29 -24
55 31 14
55 34 -9
55 37 -69
55 39 -40
55 41 56
55 42 -30
55 43 35
55 44 102
55 46 -74
55 48 12
55 52 6
55 53 24
55 54 40
55 55 377
55 58 24
55 59 -32
55 63 -54
55 64 6
55 65 -90
55 66 -35
55 67 48
55 68 90
55 72 28
55 73 -58
55 74 4
55 75 -28
55 76 48
55 80 45
55 81 -20
55 82 32
55 85 -35
55 87 -30
55 88 -47
55 89 36
55 90 -32
55 92 17
55 93 24
55 96 -8
55 97 12
55 98 12
56 1 70
56 2 9
56 4 -21
56 5 12
56 6 4
56 8 70
56 10 -6
56 12 -42
56 14 42
56 16 30
56 18 -21
56 19 24
56 20 42
56 22 -50
56 25 20
56 26 8
56 30 -94
56 33 -5
56 35 16
56 36 30
56 44 63
56 45 88
56 46 40
56 48 49
56 49 -10
56 50 30
56 51 -30
56 56 286
56 65 -54
56 69 54
56 73 6
56 76 40
56 80 -24
56 88 -49
56 89 100
56 93 -30
56 94 -26
56 97 -21
56 98 -14
57 3 46
57 4 8
57 7 -10
57 16 -80
57 20 10
57 23 80
57 24 18
57 26 6
57 27 24
57 33 52
57 37 14
57 41 -44
57 42 36
57 44 -16
57 47 100
57 50 4
57 57 136
57 62 -28
57 64 -36
57 67 -28
57 70 32
57 72 8
57 73 100
57 75 50
57 76 32
57 79 -14
57 85 -80
57 93 -20
57 94 8
57 98 16
58 3 -18
58 4 -6
58 5 -90
58 10 -40
58 13 -22
58 22 -12
58 25 -44
58 29 48
58 30 -67
58 31 -24
58 33 -8
58 39 39
58 41 -90
58 43 4
58 44 3
58 45 -12
58 47 60
58 49 -117
58 50 14
58 51 12
58 53 -40
58 54 62
58 55 24
58 58 165
58 60 -24
58 62 8
58 66 20
58 74 6
58 75 -42
58 76 24
58 81 40
58 82 -32
58 83 8
58 84 -10
58 90 -28
58 93 20
58 96 58
58 97 18
58 99 -70
59 2 -42
59 5 81
59 7 -27
59 8 -50
59 9 -36
59 12 -9
59 13 43
59 14 -4
59 18 -14
59 20 -81
59 21 -40
59 23 -11
59 25 -65
59 26 25
59 27 -8
59 29 -54
59 32 15
59 36 25
59 38 -20
59 39 28
59 41 -28
59 42 -6
59 44 53
59 45 -14
59 47 12
59 50 93
59 52 4
59 53 45
59 54 -15
59 55 -32
59 59 284
59 61 -30
59 62 -40
59 63 20
59 66 -18
59 71 12
59 72 -12
59 73 -16
59 74 -17
59 76 16
59 77 -12
59 82 -16
59 84 14
59 85 -82
59 87 -20
59 89 -36
59 92 -54
59 93 30
59 96 -36
59 97 5
59 99 -10
60 2 -32
60 4 12
60 5 -30
60 7 12
60 9 -56
60 11 14
60 12 14
60 13 30
60 15 -56
60 16 -20
60 18 60
60 20 -92
60 21 36
60 22 18
60 23 -28
60 25 -4
60 26 -14
60 29 13
60 31 36
60 33 12
60 34 -12
60 36 -56
60 37 26
60 39 26
60 40 42
60 41 -24
60 42 16
60 43 18
60 44 12
60 45 60
60 46 48
60 49 80
60 50 35
60 51 -18
60 52 48
60 53 -24
60 58 -24
60 60 275
60 61 -5
60 62 -36
60 63 -20
60 66 27
60 69 -15
60 72 10
60 73 40
60 74 -21
60 75 -16
60 76 -36
60 77 4
60 80 20
60 81 -2
60 82 -6
60 87 8
60 88 28
60 90 -6
60 91 -60
60 92 -35
60 94 -12
60 98 -5
60 99 -48
61 1 63
61 2 -30
61 5 -9
61 7 49
61 8 134
61 9 -24
61 11 -42
61 13 24
61 14 50
61 16 4
61 18 -24
61 21 56
61 24 6
61 25 -4
61 26 44
61 29 -7
61 30 -70
61 31 63
61 32 -46
61 34 -84
61 36 -33
61 37 100
61 38 28
61 39 28
61 41 30
61 42 -20
61 44 7
61 45 4
61 48 -90
61 49 90
61 50 -7
61 53 -63
61 54 91
61 59 -30
61 60 -5
61 61 325
61 63 -2
61 66 1
61 73 27
61 74 -7
61 75 -18
61 76 40
61 80 -4
61 81 -21
61 83 -40
61 84 42
61 87 -4
61 90 -7
61 92 31
61 93 90
61 94 -6
61 95 16
61 97 1
61 99 -2
62 0 10
62 3 -68
62 4 -34
62 6 4
62 7 20
62 8 2
62 9 48
62 11 -20
62 13 45
62 14 10
62 16 -16
62 17 6
62 18 -32
62 19 2
62 21 10
62 22 44
62 24 -36
62 25 -16
62 26 -12
62 27 -130
62 28 24
62 29 16
62 30 8
62 31 -12
62 32 -38
62 33 -8
62 35 -80
62 36 45
62 37 -36
62 39 44
62 41 56
62 42 8
62 43 2
62 44 -50
62 45 -5
62 46 -56
62 47 -30
62 50 -5
62 51 6
62 53 4
62 54 25
62 57 -28
62 58 8
62 59 -40
62 60 -36
62 62 326
62 64 45
62 67 35
62 68 -2
62 69 40
62 70 -20
62 72 -10
62 73 -40
62 74 -18
62 75 -20
62 76 -24
62 77 30
62 78 2
62 79 28
62 82 -16
62 84 -45
62 85 6
62 87 -12
62 88 -20
62 90 2
62 92 -8
62 94 -10
62 95 30
62 96 90
62 98 -76
62 99 4
63 2 52
63 3 24
63 4 174
63 5 25
63 6 -18
63 7 27
63 8 16
63 9 58
63 11 32
63 13 -24
63 16 -8
63 17 -3
63 18 -70
63 21 -30
63 22 9
63 23 -10
63 24 -51
63 27 36
63 29 -10
63 34 6
63 35 -6
63 36 -12
63 37 57
63 38 -67
63 41 -54
63 42 16
63 43 -4
63 44 -10
63 45 12
63 46 22
63 48 36
63 50 6
63 51 -36
63 52 20
63 54 -80
63 55 -54
63 59 20
63 60 -20
63 61 -2
63 63 355
63 66 -2
63 68 -45
63 71 -24
63 72 -60
63 73 24
63 74 52
63 75 10
63 76 80
63 80 -32
63 82 69
63 84 86
63 89 26
63 90 40
63 91 50
63 92 -14
63 95 -16
63 96 40
63 97 -50
63 98 -64
64 0 28
64 2 6
64 3 -76
64 6 -60
64 7 110
64 8 16
64 10 8
64 12 16
64 13 -16
64 14 -4
64 15 32
64 22 64
64 25 24
64 26 24
64 27 -54
64 31 80
64 32 -56
64 37 6
64 39 -12
64 41 72
64 43 -15
64 44 36
64 45 48
64 46 -3
64 47 40
64 50 -9
64 52 40
64 55 6
64 57 -36
64 62 45
64 64 283
64 65 -18
64 66 15
64 67 63
64 70 -72
64 71 -8
64 72 -30
64 73 3
64 74 -30
64 76 -18
64 79 -60
64 80 -40
64 83 48
64 85 45
64 89 12
64 92 12
64 93 -4
64 94 -18
64 95 4
64 98 -6
64 99 4
65 3 36
65 5 -90
65 10 9
65 12 63
65 13 42
65 14 -63
65 18 -24
65 19 -36
65 22 -40
65 24 60
65 25 18
65 29 24
65 42 30
65 44 -117
65 48 -12
65 53 -24
65 55 -90
65 56 -54
65 64 -18
65 65 169
65 66 20
65 67 -48
65 73 53
65 76 -24
65 80 36
65 87 30
65 88 54
65 92 -24
65 93 -24
65 94 63
65 98 12
66 0 80
66 3 20
66 5 -18
66 7 24
66 8 -62
66 9 -20
66 10 -8
66 12 -14
66 13 -14
66 15 -39
66 16 4
66 18 -30
66 19 72
66 20 -34
66 22 -78
66 23 2
66 25 14
66 26 -32
66 28 -42
66 29 -7
66 30 -34
66 31 40
66 32 -48
66 33 4
66 34 -28
66 35 -14
66 37 32
66 39 24
66 41 -18
66 42 -8
66 43 -25
66 44 -2
66 45 -51
66 46 25
66 47 -68
66 49 -18
66 50 -17
66 53 -28
66 54 -18
66 55 -35
66 58 20
66 59 -18
66 60 27
66 61 1
66 63 -2
66 64 15
66 65 20
66 66 328
66 70 -6
66 72 -20
66 73 2
66 75 16
66 76 -32
66 77 8
66 78 -44
66 80 10
66 81 14
66 83 90
66 85 25
66 86 52
66 87 6
66 88 4
66 90 -12
66 91 -35
66 92 47
66 93 6
66 94 15
66 96 114
66 98 4
66 99 -4
67 3 -32
67 4 -6
67 13 -56
67 17 9
67 18 -9
67 24 -80
67 27 -42
67 29 -40
67 33 30
67 34 -24
67 36 16
67 41 56
67 42 -25
67 44 100
67 48 16
67 50 -7
67 53 32
67 55 48
67 57 -28
67 62 35
67 64 63
67 65 -48
67 67 138
67 70 -56
67 72 -2
67 73 -80
67 76 -88
67 77 24
67 83 -18
67 85 -3
67 86 -12
67 87 -8
67 88 -96
67 92 32
67 93 32
67 94 -14
67 96 36
67 98 -80
67 99 32
68 4 50
68 6 -2
68 7 45
68 16 8
68 17 -5
68 21 -5
68 22 15
68 24 55
68 29 -40
68 30 -4
68 34 -10
68 36 -20
68 37 -65
68 38 -45
68 46 -90
68 48 50
68 55 90
68 62 -2
68 63 -45
68 68 126
68 74 20
68 78 -1
68 80 50
68 89 -40
68 92 4
68 94 -20
68 99 -2
69 4 -20
69 6 27
69 9 30
69 13 48
69 16 45
69 20 63
69 21 18
69 30 36
69 36 45
69 39 35
69 41 40
69 50 45
69 53 -60
69 56 54
69 60 -15
69 62 40
69 69 142
69 73 30
69 74 15
69 79 -60
69 83 6
69 91 54
69 93 -45
69 98 -45
70 0 8
70 3 100
70 8 -24
70 9 -27
70 13 36
70 19 -24
70 20 12
70 22 85
70 25 6
70 26 -54
70 27 48
70 30 -45
70 31 -30
70 32 27
70 33 6
70 34 3
70 35 -21
70 36 36
70 39 -63
70 40 -9
70 41 -64
70 44 -32
70 45 4
70 48 72
70 50 8
70 52 9
70 54 -7
70 57 32
70 62 -20
70 64 -72
70 66 -6
70 67 -56
70 70 179
70 72 16
70 74 -40
70 76 25
70 78 15
70 80 -54
70 84 -36
70 86 3
70 88 -3
70 90 -18
70 92 15
70 94 16
70 95 96
70 96 -30
70 98 -3
70 99 15
71 1 27
71 3 -9
71 10 8
71 13 54
71 14 2
71 15 -16
71 17 45
71 24 -18
71 29 72
71 36 90
71 38 -12
71 39 6
71 42 -2
71 43 15
71 45 -96
71 46 -9
71 47 61
71 50 28
71 52 -20
71 54 -36
71 59 12
71 63 -24
71 64 -8
71 71 206
71 72 -72
71 73 51
71 74 -54
71 76 54
71 78 18
71 89 2
71 93 12
71 95 24
71 96 9
71 99 -47
72 3 32
72 4 -24
72 7 -24
72 12 35
72 17 -28
72 18 40
72 20 -50
72 21 48
72 23 30
72 24 -34
72 25 45
72 26 5
72 27 12
72 29 -70
72 30 -50
72 33 40
72 37 25
72 38 64
72 41 64
72 42 20
72 43 -28
72 44 -8
72 45 80
72 46 12
72 47 -72
72 50 2
72 52 8
72 53 -70
72 55 28
72 57 8
72 59 -12
72 60 10
72 62 -10
72 63 -60
72 64 -30
72 66 -20
72 67 -2
72 70 16
72 71 -72
72 72 313
72 73 -126
72 74 -10
72 76 -32
72 81 -5
72 83 -24
72 84 -42
72 85 -60
72 86 -44
72 88 -32
72 92 48
72 93 -40
72 94 4
72 96 48
72 98 -100
72 99 40
73 3 64
73 4 19
73 5 40
73 7 75
73 8 114
73 9 -26
73 10 47
73 12 -8
73 13 148
73 14 7
73 16 -96
73 17 75
73 18 13
73 19 84
73 20 24
73 21 46
73 22 -20
73 23 64
73 24 251
73 25 -42
73 26 5
73 29 145
73 30 147
73 32 -25
73 33 -34
73 34 -20
73 35 119
73 36 -73
73 37 49
73 38 -56
73 41 -116
73 42 106
73 43 68
73 44 -123
73 45 68
73 46 -7
73 47 127
73 48 -69
73 49 49
73 50 61
73 52 -51
73 53 -86
73 54 15
73 55 -58
73 56 6
73 57 100
73 59 -16
73 60 40
73 61 27
73 62 -40
73 63 24
73 64 3
73 65 53
73 66 2
73 67 -80
73 69 30
73 71 51
73 72 -126
73 73 746
73 74 20
73 75 40
73 76 48
73 77 49
73 79 -120
73 80 60
73 83 41
73 85 -70
73 87 189
73 88 90
73 91 45
73 92 -53
73 93 -12
73 94 41
73 95 -8
73 96 -42
73 98 178
73 99 -35
74 0 -10
74 2 14
74 4 126
74 6 50
74 7 11
74 9 18
74 10 -20
74 12 -14
74 13 -175
74 17 -16
74 19 4
74 20 60
74 22 -88
74 24 -82
74 25 -26
74 26 -6
74 28 -21
74 29 -59
74 30 49
74 31 -27
74 32 -22
74 35 63
74 36 -106
74 37 -18
74 38 -136
74 39 1
74 41 24
74 42 13
74 43 -10
74 45 -59
74 48 40
74 50 4
74 52 25
74 53 43
74 54 -40
74 55 4
74 58 6
74 59 -17
74 60 -21
74 61 -7
74 62 -18
74 63 52
74 64 -30
74 68 20
74 69 15
74 70 -40
74 71 -54
74 72 -10
74 73 20
74 74 444
74 75 -7
74 76 -17
74 79 50
74 81 1
74 84 90
74 85 -25
74 86 -35
74 87 4
74 88 -40
74 90 55
74 93 15
74 94 -16
74 95 -100
74 96 -2
74 97 -4
74 98 -2
74 99 8
75 5 18
75 6 20
75 7 -34
75 8 -54
75 9 45
75 11 100
75 13 -46
75 16 -40
75 17 -42
75 18 8
75 20 5
75 22 4
75 23 40
75 26 -56
75 27 150
75 29 -8
75 32 118
75 33 35
75 34 42
75 35 -15
75 36 36
75 37 6
75 39 -36
75 40 -28
75 41 -60
75 42 16
75 43 -12
75 45 -20
75 47 50
75 48 15
75 51 -2
75 53 -12
75 54 -70
75 55 -28
75 57 50
75 58 -42
75 60 -16
75 61 -18
75 62 -20
75 63 10
75 66 16
75 73 40
75 74 -7
75 75 259
75 77 2
75 80 -25
75 81 17
75 85 -40
75 87 4
75 89 -1
75 90 56
75 92 -48
75 96 14
75 97 -29
75 98 4
76 0 -10
76 1 18
76 2 -159
76 3 -78
76 4 -7
76 6 -96
76 7 57
76 8 84
76 9 -48
76 10 20
76 13 28
76 15 18
76 17 -6
76 18 -77
76 19 10
76 20 32
76 22 -38
76 23 -8
76 24 40
76 25 -48
76 26 24
76 27 48
76 28 42
76 29 124
76 30 20
76 31 -26
76 32 -72
76 33 33
76 34 7
76 36 60
76 38 9
76 39 -8
76 40 4
76 41 -64
76 42 -2
76 43 6
76 44 -47
76 45 -32
76 48 9
76 49 35
76 50 8
76 51 18
76 52 12
76 53 -12
76 54 -24
76 55 48
76 56 40
76 57 32
76 58 24
76 59 16
76 60 -36
76 61 40
76 62 -24
76 63 80
76 64 -18
76 65 -24
76 66 -32
76 67 -88
76 70 25
76 71 54
76 72 -32
76 73 48
76 74 -17
76 76 689
76 78 129
76 79 -50
76 80 24
76 82 -48
76 83 -100
76 84 56
76 85 25
76 86 -1
76 87 8
76 88 -32
76 90 6
76 91 32
76 92 -20
76 93 -16
76 94 -8
76 95 8
76 96 52
76 97 -21
76 98 38
77 0 -24
77 4 18
77 5 21
77 7 3
77 8 -10
77 10 36
77 13 32
77 14 3
77 18 4
77 21 -36
77 22 -28
77 23 12
77 25 36
77 26 -16
77 27 12
77 28 -90
77 29 -84
77 30 -27
77 31 -18
77 32 -72
77 34 -39
77 36 24
77 37 4
77 38 -9
77 39 -45
77 43 35
77 44 -21
77 45 -57
77 46 28
77 47 -45
77 48 -49
77 49 41
77 53 -6
77 54 -90
77 59 -12
77 60 4
77 62 30
77 66 8
77 67 24
77 73 49
77 75 2
77 77 273
77 85 21
77 87 81
77 90 -63
77 91 -45
77 93 -24
77 96 81
77 97 -81
77 98 -8
77 99 48
78 1 -8
78 3 -58
78 4 9
78 6 2
78 8 9
78 15 27
78 16 -8
78 20 54
78 21 5
78 23 -28
78 25 -18
78 28 63
78 29 20
78 30 4
78 32 44
78 33 10
78 35 -35
78 36 -15
78 37 72
78 38 7
78 39 -36
78 49 94
78 54 1
78 62 2
78 66 -44
78 68 -1
78 70 15
78 71 18
78 76 129
78 78 290
78 85 -49
78 87 -14
78 90 -30
78 92 16
78 95 -18
78 96 50
78 98 -35
78 99 27
79 0 20
79 3 -49
79 4 -28
79 6 100
79 7 -15
79 10 -58
79 13 -80
79 21 -30
79 24 -63
79 26 -75
79 33 63
79 37 -49
79 38 18
79 41 42
79 45 -80
79 53 130
79 57 -14
79 62 28
79 64 -60
79 69 -60
79 73 -120
79 74 50
79 76 -50
79 79 285
79 81 30
79 83 -10
79 85 -50
79 86 6
79 91 -90
79 96 12
79 98 50
80 0 -25
80 3 -24
80 5 -40
80 7 40
80 8 32
80 9 -51
80 10 4
80 12 24
80 13 24
80 14 -28
80 15 -6
80 16 -16
80 17 -64
80 18 64
80 19 -16
80 21 80
80 22 -78
80 24 115
80 25 -81
80 26 36
80 27 -50
80 29 28
80 30 94
80 31 -50
80 32 17
80 34 -69
80 35 45
80 37 -40
80 39 42
80 40 6
80 42 32
80 44 -28
80 45 14
80 46 -45
80 48 -63
80 50 28
80 52 -6
80 53 8
80 55 45
80 56 -24
80 60 20
80 61 -4
80 63 -32
80 64 -40
80 65 36
80 66 10
80 68 50
80 70 -54
80 73 60
80 75 -25
80 76 24
80 80 247
80 86 16
80 89 -35
80 91 -10
80 92 -46
80 94 58
80 95 -48
81 1 -27
81 5 -63
81 6 -90
81 8 30
81 10 -43
81 11 18
81 12 -7
81 13 3
81 17 -81
81 20 10
81 22 -42
81 24 -24
81 25 -9
81 26 -121
81 30 -19
81 31 -27
81 34 -36
81 37 4
81 38 15
81 39 -32
81 41 -63
81 43 54
81 44 -27
81 47 42
81 49 -63
81 51 9
81 53 -3
81 54 -80
81 55 -20
81 58 40
81 60 -2
81 61 -21
81 66 14
81 72 -5
81 74 1
81 75 17
81 79 30
81 81 226
81 84 12
81 86 5
81 89 27
81 90 43
81 93 21
81 96 75
81 97 -15
81 99 -49
82 2 56
82 3 108
82 5 45
82 8 -64
82 9 -6
82 13 -16
82 19 -54
82 21 -54
82 22 24
82 25 64
82 27 64
82 29 -106
82 30 -80
82 31 48
82 33 16
82 34 8
82 39 -28
82 41 28
82 43 46
82 44 -12
82 46 -72
82 47 -48
82 50 -24
82 51 -24
82 52 -30
82 55 32
82 58 -32
82 59 -16
82 60 -6
82 62 -16
82 63 69
82 76 -48
82 82 297
82 84 42
82 89 36
82 90 -72
82 91 90
82 96 100
82 97 -90
83 0 72
83 2 70
83 3 -48
83 4 36
83 7 100
83 9 52
83 13 8
83 17 14
83 18 18
83 19 36
83 21 3
83 26 18
83 29 32
83 30 -18
83 33 -60
83 35 28
83 45 31
83 46 27
83 47 -72
83 50 32
83 52 -4
83 53 -10
83 54 -32
83 58 8
83 61 -40
83 64 48
83 66 90
83 67 -18
83 69 6
83 72 -24
83 73 41
83 76 -100
83 79 -10
83 83 286
83 84 -20
83 85 6
83 86 24
83 87 31
83 88 48
83 90 32
83 91 9
83 93 -20
83 95 -40
83 96 54
83 98 63
84 0 12
84 1 -36
84 2 16
84 3 54
84 7 28
84 8 42
84 9 20
84 11 24
84 12 48
84 13 -87
84 14 35
84 15 48
84 18 -49
84 19 -27
84 22 -90
84 23 -67
84 24 -95
84 26 -28
84 27 16
84 29 -61
84 30 40
84 31 -36
84 34 -42
84 36 -67
84 37 70
84 39 -16
84 43 69
84 44 -45
84 45 -2
84 48 -63
84 49 63
84 50 -47
84 52 -1
84 54 -45
84 58 -10
84 59 14
84 61 42
84 62 -45
84 63 86
84 70 -36
84 72 -42
84 74 90
84 76 56
84 81 12
84 82 42
84 83 -20
84 84 281
84 90 -36
84 93 88
84 95 -54
84 96 40
84 97 -54
84 99 -18
85 0 -10
85 1 14
85 3 12
85 4 6
85 5 -54
85 6 -50
85 7 25
85 9 -81
85 10 20
85 12 6
85 14 7
85 16 64
85 17 -3
85 18 3
85 20 -8
85 21 -48
85 23 -132
85 25 28
85 27 -56
85 28 16
85 32 -42
85 33 -26
85 35 80
85 36 35
85 37 8
85 41 72
85 42 -23
85 43 -25
85 44 -49
85 45 33
85 46 51
85 47 -101
85 52 -90
85 55 -35
85 57 -80
85 59 -82
85 62 6
85 64 45
85 66 25
85 67 -3
85 72 -60
85 73 -70
85 74 -25
85 75 -40
85 76 25
85 77 21
85 78 -49
85 79 -50
85 83 6
85 85 430
85 86 4
85 87 14
85 88 8
85 92 -57
85 96 63
85 98 -25
86 3 -32
86 4 24
86 8 -8
86 9 -32
86 10 -3
86 12 -16
86 15 -24
86 17 -12
86 18 12
86 19 -8
86 20 4
86 22 -32
86 26 -9
86 31 -10
86 33 -40
86 34 1
86 38 3
86 42 -20
86 45 -40
86 52 -35
86 53 37
86 66 52
86 67 -12
86 70 3
86 72 -44
86 74 -35
86 76 -1
86 79 6
86 80 16
86 81 5
86 83 24
86 85 4
86 86 131
86 88 31
86 91 -40
86 92 -8
86 94 24
86 96 -8
87 0 -8
87 1 4
87 2 8
87 4 -18
87 5 21
87 7 106
87 8 -20
87 9 -20
87 13 35
87 17 98
87 19 -10
87 23 8
87 24 50
87 25 18
87 26 -8
87 27 -8
87 28 20
87 29 20
87 30 2
87 32 50
87 34 -12
87 35 70
87 36 42
87 37 8
87 38 2
87 39 36
87 42 1
87 43 35
87 44 -73
87 45 101
87 46 -3
87 47 16
87 48 -59
87 49 49
87 50 10
87 52 -10
87 53 -44
87 54 20
87 55 -30
87 59 -20
87 60 8
87 61 -4
87 62 -12
87 65 30
87 66 6
87 67 -8
87 73 189
87 74 4
87 75 4
87 76 8
87 77 81
87 78 -14
87 83 31
87 85 14
87 87 352
87 88 105
87 90 14
87 92 -20
87 93 -20
87 96 66
87 97 14
87 98 27
87 99 72
88 3 -64
88 4 -1
88 6 14
88 7 -3
88 8 -62
88 9 -8
88 11 8
88 13 63
88 17 6
88 18 45
88 19 16
88 20 -4
88 23 -16
88 24 85
88 25 -40
88 29 44
88 31 12
88 32 90
88 33 -80
88 34 -1
88 39 89
88 42 -35
88 44 -102
88 46 9
88 48 -67
88 53 -56
88 55 -47
88 56 -49
88 60 28
88 62 -20
88 65 54
88 66 4
88 67 -96
88 70 -3
88 72 -32
88 73 90
88 74 -40
88 76 -32
88 83 48
88 85 8
88 86 31
88 87 105
88 88 321
88 89 30
88 92 -28
88 93 -36
88 94 -24
88 95 6
88 96 10
88 97 21
88 98 104
89 0 10
89 1 94
89 2 72
89 4 -54
89 6 -30
89 7 -8
89 9 9
89 10 4
89 13 -84
89 14 1
89 15 -8
89 17 -27
89 19 60
89 21 40
89 22 -22
89 23 -4
89 24 -28
89 25 6
89 26 -18
89 27 100
89 30 -34
89 31 20
89 32 -26
89 33 36
89 34 4
89 35 -3
89 37 35
89 39 -30
89 41 63
89 43 18
89 44 54
89 46 42
89 47 -10
89 48 3
89 49 -10
89 51 -27
89 52 -10
89 53 54
89 55 36
89 56 100
89 59 -36
89 63 26
89 64 12
89 68 -40
89 71 2
89 75 -1
89 80 -35
89 81 27
89 82 36
89 88 30
89 89 364
89 93 1
89 94 48
89 95 12
89 96 -24
89 99 -1
90 1 -9
90 3 -72
90 4 135
90 7 -15
90 8 64
90 9 72
90 11 26
90 12 36
90 13 25
90 22 -3
90 24 -98
90 25 -41
90 26 -7
90 27 -28
90 28 70
90 29 128
90 30 153
90 31 -15
90 33 -14
90 34 -8
90 35 123
90 38 7
90 39 -36
90 43 1
90 44 -9
90 46 5
90 47 76
90 50 56
90 51 3
90 53 45
90 54 -80
90 55 -32
90 58 -28
90 60 -6
90 61 -7
90 62 2
90 63 40
90 66 -12
90 70 -18
90 74 55
90 75 56
90 76 6
90 77 -63
90 78 -30
90 81 43
90 82 -72
90 83 32
90 84 -36
90 87 14
90 90 385
90 92 -24
90 93 -40
90 96 -24
90 97 39
90 98 -34
90 99 -30
91 2 -16
91 5 50
91 6 -64
91 9 60
91 10 -20
91 12 10
91 13 72
91 15 15
91 21 -13
91 22 20
91 25 -5
91 30 15
91 31 10
91 32 40
91 34 16
91 39 25
91 44 -20
91 45 55
91 46 -80
91 49 -56
91 53 -110
91 60 -60
91 63 50
91 66 -35
91 69 54
91 73 45
91 76 32
91 77 -45
91 79 -90
91 80 -10
91 82 90
91 83 9
91 86 -40
91 91 295
91 94 -63
91 97 -100
92 2 18
92 3 18
92 4 -21
92 5 -78
92 6 -8
92 8 88
92 9 36
92 12 54
92 13 -38
92 16 60
92 18 -64
92 19 64
92 20 -32
92 21 -5
92 22 15
92 23 72
92 24 -40
92 25 8
92 26 62
92 29 -65
92 30 -31
92 31 80
92 32 -15
92 33 8
92 34 -72
92 35 -28
92 36 -48
92 37 -3
92 39 -21
92 40 -3
92 41 80
92 42 -66
92 44 36
92 45 -42
92 48 32
92 50 -49
92 52 11
92 53 16
92 54 -36
92 55 17
92 59 -54
92 60 -35
92 61 31
92 62 -8
92 63 -14
92 64 12
92 65 -24
92 66 47
92 67 32
92 68 4
92 70 15
92 72 48
92 73 -53
92 75 -48
92 76 -20
92 78 16
92 80 -46
92 85 -57
92 86 -8
92 87 -20
92 88 -28
92 90 -24
92 92 444
92 93 16
92 94 -42
92 95 36
92 96 80
92 98 -44
92 99 12
93 0 36
93 5 -27
93 6 -15
93 8 54
93 10 -8
93 13 -79
93 14 46
93 15 -8
93 16 -25
93 18 -10
93 20 -35
93 22 42
93 23 -18
93 24 -101
93 26 18
93 29 -73
93 30 -21
93 34 -54
93 36 -7
93 37 90
93 39 3
93 41 -59
93 42 -70
93 43 16
93 44 36
93 45 -6
93 46 -42
93 47 8
93 48 -73
93 49 66
93 50 -20
93 52 -10
93 53 32
93 54 40
93 55 24
93 56 -30
93 57 -20
93 58 20
93 59 30
93 61 90
93 64 -4
93 65 -24
93 66 6
93 67 32
93 69 -45
93 71 12
93 72 -40
93 73 -12
93 74 15
93 76 -16
93 77 -24
93 81 21
93 83 -20
93 84 88
93 87 -20
93 88 -36
93 89 1
93 90 -40
93 92 16
93 93 259
93 96 21
93 98 -20
93 99 -22
94 2 12
94 3 16
94 4 -112
94 5 -82
94 6 48
94 7 -36
94 8 48
94 10 7
94 11 -12
94 12 43
94 13 -28
94 14 -49
94 15 -9
94 16 -24
94 17 4
94 19 -28
94 23 24
94 24 12
94 25 82
94 26 2
94 27 12
94 29 62
94 30 -12
94 33 48
94 34 -12
94 35 4
94 36 16
94 37 -12
94 38 36
94 39 -30
94 41 -16
94 42 48
94 44 -57
94 45 41
94 46 10
94 48 -40
94 49 42
94 50 44
94 53 84
94 56 -26
94 57 8
94 60 -12
94 61 -6
94 62 -10
94 64 -18
94 65 63
94 66 15
94 67 -14
94 68 -20
94 70 16
94 72 4
94 73 41
94 74 -16
94 76 -8
94 80 58
94 86 24
94 88 -24
94 89 48
94 91 -63
94 92 -42
94 94 254
95 0 12
95 1 -44
95 2 -22
95 3 34
95 4 -2
95 8 16
95 9 -48
95 12 16
95 13 74
95 19 12
95 21 -100
95 22 180
95 23 2
95 24 -48
95 26 -48
95 27 72
95 30 -98
95 32 30
95 36 54
95 37 -10
95 38 40
95 39 -50
95 40 -88
95 42 -12
95 43 4
95 45 -34
95 46 18
95 47 -40
95 48 64
95 49 -18
95 50 8
95 52 8
95 54 18
95 61 16
95 62 30
95 63 -16
95 64 4
95 70 96
95 71 24
95 73 -8
95 74 -100
95 76 8
95 78 -18
95 80 -48
95 83 -40
95 84 -54
95 88 6
95 89 12
95 92 36
95 95 212
95 96 4
95 98 2
95 99 -32
96 0 48
96 1 -15
96 2 40
96 3 98
96 4 31
96 5 -63
96 8 45
96 9 5
96 10 -34
96 13 -3
96 14 9
96 17 -30
96 19 104
96 20 -40
96 21 -60
96 22 -4
96 23 6
96 24 12
96 26 -18
96 27 -32
96 29 52
96 30 -165
96 31 100
96 32 18
96 34 -65
96 36 106
96 37 32
96 38 54
96 39 -8
96 41 -63
96 43 -6
96 44 -63
96 45 45
96 46 60
96 47 -117
96 49 -43
96 53 -18
96 54 -24
96 55 -8
96 58 58
96 59 -36
96 62 90
96 63 40
96 66 114
96 67 36
96 70 -30
96 71 9
96 72 48
96 73 -42
96 74 -2
96 75 14
96 76 52
96 77 81
96 78 50
96 79 12
96 81 75
96 82 100
96 83 54
96 84 40
96 85 63
96 86 -8
96 87 66
96 88 10
96 89 -24
96 90 -24
96 92 80
96 93 21
96 95 4
96 96 618
96 97 -6
96 98 38
96 99 53
97 0 -45
97 2 34
97 3 -45
97 4 9
97 5 -50
97 6 6
97 8 -30
97 9 -40
97 12 -72
97 13 3
97 15 -9
97 18 29
97 20 81
97 21 60
97 23 90
97 25 -31
97 27 -36
97 28 90
97 29 76
97 32 -2
97 36 63
97 38 9
97 39 16
97 40 14
97 42 -8
97 43 -90
97 44 11
97 45 10
97 46 80
97 47 36
97 48 -21
97 49 -90
97 52 -54
97 54 120
97 55 12
97 56 -21
97 58 18
97 59 5
97 61 1
97 63 -50
97 74 -4
97 75 -29
97 76 -21
97 77 -81
97 81 -15
97 82 -90
97 84 -54
97 87 14
97 88 21
97 90 39
97 91 -100
97 96 -6
97 97 366
97 98 6
97 99 79
98 0 66
98 3 -24
98 4 -31
98 6 54
98 7 -25
98 8 58
98 9 -54
98 10 -20
98 11 -12
98 13 70
98 17 -12
98 18 -4
98 19 28
98 24 150
98 25 -2
98 26 32
98 27 20
98 29 110
98 30 36
98 32 50
98 33 -2
98 34 24
98 35 7
98 37 -40
98 38 -3
98 39 -63
98 41 -152
98 42 86
98 43 40
98 44 -96
98 45 -47
98 46 13
98 47 -56
98 48 -34
98 49 -26
98 53 78
98 54 83
98 55 12
98 56 -14
98 57 16
98 60 -5
98 62 -76
98 63 -64
98 64 -6
98 65 12
98 66 4
98 67 -80
98 69 -45
98 70 -3
98 72 -100
98 73 178
98 74 -2
98 75 4
98 76 38
98 77 -8
98 78 -35
98 79 50
98 83 63
98 85 -25
98 87 27
98 88 104
98 90 -34
98 92 -44
98 93 -20
98 95 2
98 96 38
98 97 6
98 98 582
98 99 -5
99 0 -15
99 1 16
99 2 28
99 3 -15
99 4 24
99 5 63
99 6 4
99 10 24
99 12 -24
99 13 10
99 14 -1
99 15 26
99 16 -16
99 17 -25
99 20 54
99 21 50
99 22 -40
99 23 30
99 24 34
99 25 18
99 27 -36
99 28 14
99 29 -16
99 30 77
99 31 18
99 32 4
99 33 10
99 34 -48
99 35 -35
99 36 74
99 38 40
99 39 -3
99 40 40
99 41 63
99 43 -44
99 45 70
99 46 5
99 47 -57
99 49 7
99 52 -26
99 53 28
99 54 -45
99 58 -70
99 59 -10
99 60 -48
99 61 -2
99 62 4
99 64 4
99 66 -4
99 67 32
99 68 -2
99 70 15
99 71 -47
99 72 40
99 73 -35
99 74 8
99 77 48
99 78 27
99 81 -49
99 84 -18
99 87 72
99 89 -1
99 90 -30
99 92 12
99 93 -22
99 95 -32
99 96 53
99 97 79
99 98 -5
99 99 237
